 0.4100000    
 0.3960269    
 0.7027211    
 0.2414135    
 0.7821924    
 -.9996411E-01
 0.4200000    
 0.3866905    
 0.7162774    
 0.2669496    
 0.7925661    
 -.7286772E-01
 0.4300000    
 0.3777731    
 0.7292792    
 0.2920486    
 0.8024743    
 -.4573727E-01
 0.4400000    
 0.3692511    
 0.7417542    
 0.3167105    
 0.8119434    
 -.1858479E-01
 0.4500000    
 0.3611024    
 0.7537283    
 0.3409351    
 0.8209974    
 0.8576334E-02
 0.4600000    
 0.3533069    
 0.7652252    
 0.3647224    
 0.8296589    
 0.3573340E-01
 0.4700000    
 0.3458457    
 0.7762679    
 0.3880726    
 0.8379492    
 0.6287229E-01
 0.4800000    
 0.3387015    
 0.7868771    
 0.4109855    
 0.8458872    
 0.8997893E-01
 0.4900000    
 0.3318580    
 0.7970725    
 0.4334615    
 0.8534912    
 0.1170388    
 0.5000000    
 0.3253004    
 0.8068721    
 0.4555001    
 0.8607773    
 0.1440362    
 0.5100000    
 0.3190148    
 0.8162932    
 0.4771014    
 0.8677613    
 0.1709558    
 0.5200000    
 0.3129882    
 0.8253520    
 0.4982656    
 0.8744576    
 0.1977814    
 0.5300000    
 0.3072086    
 0.8340633    
 0.5189926    
 0.8808794    
 0.2244966    
 0.5400000    
 0.3016646    
 0.8424414    
 0.5392825    
 0.8870393    
 0.2510844    
 0.5500000    
 0.2963459    
 0.8504995    
 0.5591350    
 0.8929490    
 0.2775266    
 0.5600000    
 0.2912426    
 0.8582499    
 0.5785504    
 0.8986194    
 0.3038062    
 0.5700000    
 0.2863455    
 0.8657046    
 0.5975286    
 0.9040607    
 0.3299044    
 0.5800000    
 0.2816460    
 0.8728744    
 0.6160696    
 0.9092821    
 0.3558027    
 0.5900000    
 0.2771361    
 0.8797697    
 0.6341733    
 0.9142932    
 0.3814818    
 0.6000000    
 0.2728084    
 0.8864004    
 0.6518400    
 0.9191019    
 0.4069230    
 0.6100000    
 0.2686556    
 0.8927755    
 0.6690693    
 0.9237159    
 0.4321057    
 0.6200000    
 0.2646712    
 0.8989040    
 0.6858615    
 0.9281432    
 0.4570100    
 0.6300000    
 0.2608489    
 0.9047937    
 0.7022167    
 0.9323902    
 0.4816165    
 0.6400000    
 0.2571829    
 0.9104526    
 0.7181346    
 0.9364635    
 0.5059036    
 0.6500000    
 0.2536678    
 0.9158878    
 0.7336152    
 0.9403691    
 0.5298506    
 0.6600000    
 0.2502983    
 0.9211063    
 0.7486586    
 0.9441133    
 0.5534371    
 0.6700000    
 0.2470696    
 0.9261145    
 0.7632647    
 0.9477005    
 0.5766414    
 0.6800000    
 0.2439770    
 0.9309185    
 0.7774338    
 0.9511368    
 0.5994428    
 0.6900000    
 0.2410165    
 0.9355241    
 0.7911655    
 0.9544261    
 0.6218194    
 0.7000000    
 0.2381838    
 0.9399370    
 0.8044602    
 0.9575737    
 0.6437507    
 0.7100000    
 0.2354751    
 0.9441619    
 0.8173175    
 0.9605832    
 0.6652145    
 0.7200000    
 0.2328870    
 0.9482040    
 0.8297377    
 0.9634588    
 0.6861905    
 0.7300000    
 0.2304160    
 0.9520678    
 0.8417207    
 0.9662045    
 0.7066565    
 0.7400000    
 0.2280589    
 0.9557576    
 0.8532665    
 0.9688234    
 0.7265919    
 0.7500000    
 0.2258129    
 0.9592775    
 0.8643750    
 0.9713191    
 0.7459761    
 0.7600000    
 0.2236749    
 0.9626314    
 0.8750465    
 0.9736946    
 0.7647884    
 0.7700000    
 0.2216426    
 0.9658228    
 0.8852806    
 0.9759527    
 0.7830079    
 0.7800000    
 0.2197134    
 0.9688551    
 0.8950776    
 0.9780964    
 0.8006152    
 0.7900000    
 0.2178849    
 0.9717316    
 0.9044374    
 0.9801280    
 0.8175906    
 0.8000000    
 0.2161551    
 0.9744552    
 0.9133600    
 0.9820499    
 0.8339149    
 0.8100000    
 0.2145218    
 0.9770290    
 0.9218454    
 0.9838648    
 0.8495693    
 0.8200000    
 0.2129832    
 0.9794552    
 0.9298936    
 0.9855742    
 0.8645357    
 0.8300000    
 0.2115376    
 0.9817365    
 0.9375045    
 0.9871806    
 0.8787965    
 0.8400000    
 0.2101832    
 0.9838752    
 0.9446783    
 0.9886853    
 0.8923348    
 0.8500000    
 0.2089187    
 0.9858735    
 0.9514149    
 0.9900905    
 0.9051344    
 0.8600000    
 0.2077424    
 0.9877331    
 0.9577143    
 0.9913974    
 0.9171795    
 0.8700000    
 0.2066531    
 0.9894561    
 0.9635766    
 0.9926076    
 0.9284562    
 0.8800000    
 0.2056497    
 0.9910442    
 0.9690018    
 0.9937226    
 0.9389498    
 0.8900000    
 0.2047311    
 0.9924988    
 0.9739895    
 0.9947432    
 0.9486469    
 0.9000000    
 0.2038962    
 0.9938213    
 0.9785401    
 0.9956710    
 0.9575359    
 0.9100000    
 0.2031442    
 0.9950130    
 0.9826535    
 0.9965065    
 0.9656051    
 0.9200000    
 0.2024742    
 0.9960750    
 0.9863296    
 0.9972508    
 0.9728447    
 0.9300000    
 0.2018855    
 0.9970085    
 0.9895686    
 0.9979053    
 0.9792453    
 0.9400000    
 0.2013776    
 0.9978141    
 0.9923702    
 0.9984694    
 0.9847984    
 0.9500000    
 0.2009497    
 0.9984929    
 0.9947351    
 0.9989448    
 0.9894980    
 0.9600000    
 0.2006016    
 0.9990452    
 0.9966621    
 0.9993317    
 0.9933350    
 0.9700000    
 0.2003329    
 0.9994717    
 0.9981523    
 0.9996302    
 0.9963081    
 0.9800000    
 0.2001430    
 0.9997730    
 0.9992056    
 0.9998411    
 0.9984119    
 0.9900000    
 0.2000322    
 0.9999489    
 0.9998212    
 0.9999644    
 0.9996426    
  1.000000    
 0.2000000    
  1.000000    
  1.000000    
  1.000000    
  1.000000    
