 0.4100000    
 0.3890832    
 0.6622556    
 0.1301671    
 0.7529354    
 -.2699839    
 0.4200000    
 0.3788709    
 0.6723514    
 0.1444602    
 0.7608783    
 -.2622865    
 0.4300000    
 0.3689386    
 0.6822158    
 0.1588140    
 0.7686034    
 -.2543912    
 0.4400000    
 0.3592758    
 0.6918554    
 0.1732272    
 0.7761189    
 -.2462915    
 0.4500000    
 0.3498731    
 0.7012769    
 0.1876984    
 0.7834322    
 -.2379801    
 0.4600000    
 0.3407212    
 0.7104861    
 0.2022259    
 0.7905502    
 -.2294499    
 0.4700000    
 0.3318114    
 0.7194892    
 0.2168081    
 0.7974801    
 -.2206934    
 0.4800000    
 0.3231355    
 0.7282916    
 0.2314433    
 0.8042280    
 -.2117025    
 0.4900000    
 0.3146853    
 0.7368991    
 0.2461301    
 0.8108004    
 -.2024690    
 0.5000000    
 0.3064534    
 0.7453165    
 0.2608663    
 0.8172029    
 -.1929846    
 0.5100000    
 0.2984326    
 0.7535492    
 0.2756501    
 0.8234413    
 -.1832401    
 0.5200000    
 0.2906160    
 0.7616019    
 0.2904797    
 0.8295209    
 -.1732258    
 0.5300000    
 0.2829970    
 0.7694793    
 0.3053530    
 0.8354468    
 -.1629327    
 0.5400000    
 0.2755693    
 0.7771860    
 0.3202680    
 0.8412240    
 -.1523499    
 0.5500000    
 0.2683270    
 0.7847261    
 0.3352223    
 0.8468567    
 -.1414670    
 0.5600000    
 0.2612642    
 0.7921041    
 0.3502140    
 0.8523501    
 -.1302729    
 0.5700000    
 0.2543755    
 0.7993237    
 0.3652405    
 0.8577080    
 -.1187561    
 0.5800000    
 0.2476556    
 0.8063890    
 0.3802998    
 0.8629346    
 -.1069039    
 0.5900000    
 0.2410995    
 0.8133037    
 0.3953890    
 0.8680338    
 -.9470403E-01
 0.6000000    
 0.2347024    
 0.8200713    
 0.4105060    
 0.8730094    
 -.8214271E-01
 0.6100000    
 0.2284596    
 0.8266954    
 0.4256479    
 0.8778647    
 -.6920636E-01
 0.6200000    
 0.2223667    
 0.8331794    
 0.4408122    
 0.8826038    
 -.5588037E-01
 0.6300000    
 0.2164195    
 0.8395265    
 0.4559960    
 0.8872295    
 -.4214919E-01
 0.6400000    
 0.2106137    
 0.8457397    
 0.4711968    
 0.8917450    
 -.2799678E-01
 0.6500000    
 0.2049457    
 0.8518221    
 0.4864112    
 0.8961534    
 -.1340663E-01
 0.6600000    
 0.1994116    
 0.8577768    
 0.5016367    
 0.9004577    
 0.1639485E-02
 0.6700000    
 0.1940077    
 0.8636064    
 0.5168699    
 0.9046608    
 0.1715946E-01
 0.6800000    
 0.1887307    
 0.8693137    
 0.5321079    
 0.9087651    
 0.3317297E-01
 0.6900000    
 0.1835771    
 0.8749014    
 0.5473472    
 0.9127734    
 0.4970062E-01
 0.7000000    
 0.1785437    
 0.8803720    
 0.5625848    
 0.9166883    
 0.6676304E-01
 0.7100000    
 0.1736276    
 0.8857279    
 0.5778171    
 0.9205118    
 0.8438361E-01
 0.7200000    
 0.1688257    
 0.8909718    
 0.5930408    
 0.9242468    
 0.1025854    
 0.7300000    
 0.1641352    
 0.8961055    
 0.6082522    
 0.9278949    
 0.1213933    
 0.7400000    
 0.1595532    
 0.9011316    
 0.6234480    
 0.9314587    
 0.1408334    
 0.7500000    
 0.1550773    
 0.9060522    
 0.6386240    
 0.9349400    
 0.1609333    
 0.7600000    
 0.1507048    
 0.9108692    
 0.6537768    
 0.9383409    
 0.1817214    
 0.7700000    
 0.1464332    
 0.9155850    
 0.6689025    
 0.9416631    
 0.2032281    
 0.7800000    
 0.1422601    
 0.9202012    
 0.6839973    
 0.9449087    
 0.2254863    
 0.7900000    
 0.1381835    
 0.9247198    
 0.6990570    
 0.9480794    
 0.2485285    
 0.8000000    
 0.1342010    
 0.9291427    
 0.7140775    
 0.9511770    
 0.2723902    
 0.8100000    
 0.1303105    
 0.9334717    
 0.7290545    
 0.9542030    
 0.2971084    
 0.8200000    
 0.1265100    
 0.9377085    
 0.7439843    
 0.9571590    
 0.3227241    
 0.8300000    
 0.1227974    
 0.9418548    
 0.7588624    
 0.9600466    
 0.3492768    
 0.8400000    
 0.1191709    
 0.9459120    
 0.7736844    
 0.9628673    
 0.3768117    
 0.8500000    
 0.1156288    
 0.9498819    
 0.7884456    
 0.9656222    
 0.4053738    
 0.8600000    
 0.1121691    
 0.9537659    
 0.8031420    
 0.9683130    
 0.4350126    
 0.8700000    
 0.1087902    
 0.9575654    
 0.8177683    
 0.9709409    
 0.4657776    
 0.8800000    
 0.1054905    
 0.9612821    
 0.8323207    
 0.9735074    
 0.4977255    
 0.8900000    
 0.1022683    
 0.9649172    
 0.8467943    
 0.9760135    
 0.5309114    
 0.9000000    
 0.9912211E-01
 0.9684722    
 0.8611841    
 0.9784607    
 0.5653961    
 0.9100000    
 0.9605046E-01
 0.9719481    
 0.8754854    
 0.9808497    
 0.6012435    
 0.9200000    
 0.9305196E-01
 0.9753463    
 0.8896935    
 0.9831819    
 0.6385212    
 0.9300000    
 0.9012520E-01
 0.9786680    
 0.9038029    
 0.9854583    
 0.6772976    
 0.9400000    
 0.8726866E-01
 0.9819144    
 0.9178097    
 0.9876800    
 0.7176514    
 0.9500000    
 0.8448135E-01
 0.9850868    
 0.9317082    
 0.9898480    
 0.7596591    
 0.9600000    
 0.8176184E-01
 0.9881859    
 0.9454932    
 0.9919629    
 0.8034048    
 0.9700000    
 0.7910898E-01
 0.9912133    
 0.9591604    
 0.9940264    
 0.8489769    
 0.9800000    
 0.7652154E-01
 0.9941697    
 0.9727041    
 0.9960387    
 0.8964686    
 0.9900000    
 0.7399855E-01
 0.9970562    
 0.9861189    
 0.9980011    
 0.9459753    
  1.000000    
 0.7153879E-01
 0.9998737    
 0.9994001    
 0.9999144    
 0.9976039    
