  x	u	d
  0.005	0.0310594434	-0.0414283968
  0.01	0.0557317726	-0.0722287464
  0.015	0.0761084853	-0.0994415817
  0.02	0.0934594509	-0.12360292
  0.025	0.108600271	-0.145146028
  0.03	0.122078714	-0.164424897
  0.035	0.1342763	-0.181731556
  0.04	0.145466907	-0.197309047
  0.045	0.155852218	-0.211361261
  0.05	0.165584027	-0.224060502
  0.055	0.174778754	-0.235553358
  0.06	0.183527169	-0.245965312
  0.065	0.191901082	-0.255404392
  0.07	0.199958033	-0.26396409
  0.075	0.207744663	-0.271725716
  0.08	0.215299168	-0.278760305
  0.085	0.22265312	-0.285130179
  0.09	0.229832837	-0.29089023
  0.095	0.23686042	-0.296088984
  0.1	0.243754564	-0.300769488
  0.105	0.250531179	-0.30497005
  0.11	0.257203886	-0.308724863
  0.115	0.263784407	-0.312064535
  0.12	0.270282877	-0.315016534
  0.125	0.276708103 	-0.317605575
  0.13	0.283067762 	-0.319853941
  0.135	0.289368577 	-0.321781774
  0.14	0.295616453	-0.323407309
  0.145	0.301816592 	-0.324747092
  0.15	0.30797359 	-0.32581616
  0.155	0.31409152	-0.326628199
  0.16	0.320173995 	-0.327195689
  0.165	0.32622423 	-0.327530021
  0.17	0.332245088 	-0.32764161
  0.175	0.338239127 	-0.327539983
  0.18	0.344208627 	-0.327233873
  0.185	0.350155631 	-0.326731283
  0.19	0.356081965 	-0.32603956
  0.195	0.361989261 	-0.325165452
  0.2	0.367878983 	-0.324115158
  0.205	0.373752438 	-0.322894379
  0.21	0.379610795 	-0.321508355
  0.215	0.385455098 	-0.319961911
  0.22	0.391286277 	-0.318259482
  0.225	0.39710516 	-0.316405151
  0.23 	0.40291248 	-0.314402673
  0.235	0.408708886	-0.312255501
  0.24 	0.414494947	-0.309966808
  0.245	0.420271162 	-0.307539511
  0.25 	0.426037964 	-0.304976285
  0.255	0.431795724 	-0.302279585
  0.26 	0.43754476 	-0.299451655
  0.265	0.443285336 	-0.296494552
  0.27 	0.449017669 	-0.293410148
  0.275	0.45474193 	-0.290200153
  0.28 	0.460458251 	-0.286866117
  0.285	0.466166725 	-0.283409444
  0.29 	0.471867406 	-0.279831403
  0.295	0.477560317 	-0.276133133
  0.3 	0.48324545 	-0.272315653
  0.305	0.488922764 	-0.268379871
  0.31 	0.494592194 	-0.264326585
  0.315	0.500253644 	-0.260156498
  0.32	0.505906997 	-0.255870215
  0.325	0.51155211 	-0.251468256
  0.33 	0.517188818 	-0.246951056
  0.335	0.522816935 	-0.242318974
  0.34 	0.528436255	-0.237572292
  0.345	0.534046553 	-0.232711227
  0.35 	0.539647584 	-0.227735926
  0.355	0.545239086 	-0.22264648
  0.36 	0.550820782 	-0.217442918
  0.365	0.556392376 	-0.212125216
  0.37 	0.561953559 	-0.206693301
  0.375	0.567504005 	-0.201147049
  0.38	0.573043377 	-0.195486295
  0.385	0.578571321 	-0.189710831
  0.39 	0.584087471 	-0.183820409
  0.395	0.589591449 	-0.177814746
  0.4 	0.595082865 	-0.171693527
  0.405	0.600561314 	-0.165456404
  0.41 	0.606026385 	-0.159103005
  0.415	0.611477651 	-0.152632929
  0.42 	0.616914677 	-0.146045754
  0.425	0.622337017 	-0.139341039
  0.43 	0.627744215 	-0.132518322
  0.435	0.633135806 	-0.125577131
  0.44 	0.638511316 	-0.118516978
  0.445	0.643870259 	-0.111337366
  0.45 	0.649212145 	-0.104037792
  0.455	0.654536472 	-0.096617747
  0.46 	0.65984273 	-0.0890767221
  0.465	0.665130403 	-0.081414208
  0.47 	0.670398967 	-0.0736296997
  0.475	0.675647889 	-0.0657226991
  0.48 	0.680876631 	-0.0576927175
  0.485	0.686084645 	-0.0495392789
  0.49 	0.691271381 	-0.0412619235
  0.495	0.696436277 	-0.03286021
  0.5  	0.701578771 	-0.0243337196
  0.505	0.706698289 	-0.0156820592
  0.51 	0.711794255 	-0.00690486491
  0.515	0.716866088 	 0.00199819452
  0.52 	0.721913198	 0.0110274137
  0.525	0.726934994  	 0.0201830471
  0.53 	0.731930879  	 0.0294653046
  0.535	0.736900249  	 0.0388743478
  0.54 	0.741842499  	 0.0484102857
  0.545	0.746757018  	 0.0580731701
  0.55 	0.751643192  	 0.0678629914
  0.555	0.756500402  	 0.0777796737
  0.56 	0.761328028  	 0.08782307
  0.565	0.766125444  	 0.0979929574
  0.57 	0.770892022  	 0.108289032
  0.575	0.775627132  	 0.118710903
  0.58 	0.780330142  	 0.129258088
  0.585	0.785000415  	 0.139930007
  0.59 	0.789637314  	 0.150725977
  0.595	0.7942402  	 0.161645207
  0.6	0.798808433  	 0.172686789
  0.605	0.803341369  	 0.183849693
  0.61 	0.807838366  	 0.195132765
  0.615	0.812298779  	 0.206534713
  0.62 	0.816721964  	 0.218054106
  0.625	0.821107276  	 0.229689364
  0.63 	0.825454068  	 0.241438754
  0.635	0.829761696  	 0.253300382
  0.64 	0.834029515  	 0.265272183
  0.645	0.838256881  	 0.277351918
  0.65 	0.84244315  	 0.289537164
  0.655	0.84658768  	 0.30182531
  0.66 	0.85068983  	 0.314213544
  0.665	0.85474896  	 0.326698852
  0.67 	0.858764433  	 0.339278005
  0.675	0.862735614  	 0.351947557
  0.68 	0.866661869  	 0.364703833
  0.685	0.870542568  	 0.377542925
  0.69 	0.874377085  	 0.390460683
  0.695	0.878164793  	 0.40345271
  0.7 	0.881905074  	 0.416514353
  0.705	0.885597308  	 0.4296407
  0.71 	0.889240884  	 0.442826567
  0.715	0.892835192  	 0.456066502
  0.72	0.896379628  	 0.46935477
  0.725	0.899873591  	 0.482685352
  0.73 	0.903316487  	 0.496051941
  0.735	0.906707726  	 0.509447937
  0.74 	0.910046725  	 0.522866442
  0.745	0.913332904  	 0.536300258
  0.75 	0.916565692  	 0.549741885
  0.755	0.919744522  	 0.563183516
  0.76 	0.922868834  	 0.576617043
  0.765	0.925938078  	 0.590034048
  0.77 	0.928951705  	 0.603425811
  0.775	0.931909179  	 0.616783309
  0.78 	0.934809969  	 0.630097217
  0.785	0.93765355  	 0.643357915
  0.79 	0.94043941  	 0.65655549
  0.795	0.94316704  	 0.669679745
  0.8 	0.945835942  	 0.682720204
  0.805	0.948445628  	 0.695666121
  0.81 	0.950995617  	 0.708506491
  0.815	0.953485437  	 0.721230061
  0.82 	0.955914628  	 0.733825341
  0.825	0.958282736  	 0.746280622
  0.83 	0.96058932  	 0.758583987
  0.835	0.962833948  	 0.770723331
  0.84 	0.965016198  	 0.782686379
  0.845	0.967135659  	 0.794460707
  0.85 	0.969191931  	 0.806033761
  0.855	0.971184624  	 0.817392882
  0.86 	0.97311336  	 0.82852533
  0.865	0.974977772  	 0.83941831
  0.87 	0.976777504  	 0.850058999
  0.875	0.978512214  	 0.860434574
  0.88	0.980181569  	 0.870532241
  0.885	0.981785249  	 0.880339269
  0.89	0.983322947  	 0.889843017
  0.895	0.984794368  	 0.89903097
  0.9 	0.986199229  	 0.907890771
  0.905	0.98753726  	 0.916410256
  0.91	0.988808204  	 0.924577488
  0.915	0.990011817  	 0.932380789
  0.92	0.991147868  	 0.939808782
  0.925	0.992216138  	 0.946850419
  0.93	0.993216424  	 0.953495018
  0.935	0.994148534  	 0.959732299
  0.94	0.995012291  	 0.965552417
  0.945	0.99580753  	 0.970945995
  0.95	0.996534102  	 0.975904156
  0.955	0.997191869  	 0.980418554
  0.96	0.99778071  	 0.984481403
  0.965	0.998300516  	 0.988085509
  0.97	0.998751192  	 0.99122429
  0.975	0.999132658  	 0.993891808
  0.98	0.999444847  	 0.996082784
  0.985	0.999687706  	 0.997792624
  0.99	0.999861199  	 0.999017436
  0.995	0.9999653  	 0.999754044
