# Phys.Rev.Lett. 124 (2020) 082003, arXiv:1909.13818[hep-ph]
# Delta q+ / q+, q+ = q + qbar
# Fig. 3, prediction 3 (green)
x	u+lower	u+upper	d+lower	d+upper
1.0000E-04	5.1966E-04	5.5777E-04	-8.8121E-04	-8.2428E-04
1.0093E-04	5.2580E-04	5.6294E-04	-8.8783E-04	-8.3172E-04
1.0186E-04	5.3201E-04	5.6816E-04	-8.9450E-04	-8.3923E-04
1.0280E-04	5.3828E-04	5.7343E-04	-9.0122E-04	-8.4681E-04
1.0375E-04	5.4462E-04	5.7875E-04	-9.0799E-04	-8.5446E-04
1.0471E-04	5.5102E-04	5.8411E-04	-9.1481E-04	-8.6217E-04
1.0568E-04	5.5749E-04	5.8953E-04	-9.2168E-04	-8.6996E-04
1.0666E-04	5.6403E-04	5.9499E-04	-9.2861E-04	-8.7781E-04
1.0765E-04	5.7064E-04	6.0051E-04	-9.3559E-04	-8.8574E-04
1.0864E-04	5.7732E-04	6.0608E-04	-9.4263E-04	-8.9373E-04
1.0965E-04	5.8407E-04	6.1169E-04	-9.4972E-04	-9.0180E-04
1.1066E-04	5.9088E-04	6.1736E-04	-9.5686E-04	-9.0995E-04
1.1169E-04	5.9777E-04	6.2309E-04	-9.6406E-04	-9.1816E-04
1.1272E-04	6.0474E-04	6.2886E-04	-9.7132E-04	-9.2645E-04
1.1376E-04	6.1177E-04	6.3469E-04	-9.7863E-04	-9.3481E-04
1.1482E-04	6.1888E-04	6.4057E-04	-9.8600E-04	-9.4325E-04
1.1588E-04	6.2606E-04	6.4651E-04	-9.9342E-04	-9.5177E-04
1.1695E-04	6.3332E-04	6.5250E-04	-1.0009E-03	-9.6036E-04
1.1803E-04	6.4065E-04	6.5855E-04	-1.0084E-03	-9.6903E-04
1.1912E-04	6.4806E-04	6.6465E-04	-1.0160E-03	-9.7777E-04
1.2023E-04	6.5554E-04	6.7081E-04	-1.0237E-03	-9.8660E-04
1.2134E-04	6.6311E-04	6.7702E-04	-1.0314E-03	-9.9550E-04
1.2246E-04	6.7075E-04	6.8329E-04	-1.0392E-03	-1.0045E-03
1.2359E-04	6.7847E-04	6.8962E-04	-1.0470E-03	-1.0136E-03
1.2474E-04	6.8627E-04	6.9601E-04	-1.0549E-03	-1.0227E-03
1.2589E-04	6.9416E-04	7.0246E-04	-1.0629E-03	-1.0319E-03
1.2706E-04	7.0212E-04	7.0896E-04	-1.0709E-03	-1.0412E-03
1.2823E-04	7.1017E-04	7.1553E-04	-1.0790E-03	-1.0506E-03
1.2942E-04	7.1829E-04	7.2216E-04	-1.0871E-03	-1.0601E-03
1.3062E-04	7.2651E-04	7.2885E-04	-1.0953E-03	-1.0697E-03
1.3183E-04	7.3481E-04	7.3559E-04	-1.1036E-03	-1.0793E-03
1.3305E-04	7.4241E-04	7.4319E-04	-1.1119E-03	-1.0891E-03
1.3428E-04	7.4928E-04	7.5166E-04	-1.1203E-03	-1.0989E-03
1.3552E-04	7.5622E-04	7.6022E-04	-1.1288E-03	-1.1088E-03
1.3677E-04	7.6322E-04	7.6886E-04	-1.1373E-03	-1.1188E-03
1.3804E-04	7.7028E-04	7.7760E-04	-1.1459E-03	-1.1289E-03
1.3932E-04	7.7741E-04	7.8642E-04	-1.1545E-03	-1.1391E-03
1.4060E-04	7.8461E-04	7.9534E-04	-1.1633E-03	-1.1494E-03
1.4191E-04	7.9187E-04	8.0434E-04	-1.1720E-03	-1.1597E-03
1.4322E-04	7.9920E-04	8.1344E-04	-1.1809E-03	-1.1702E-03
1.4454E-04	8.0660E-04	8.2263E-04	-1.1898E-03	-1.1807E-03
1.4588E-04	8.1406E-04	8.3192E-04	-1.1988E-03	-1.1914E-03
1.4723E-04	8.2159E-04	8.4130E-04	-1.2079E-03	-1.2021E-03
1.4859E-04	8.2919E-04	8.5077E-04	-1.2170E-03	-1.2130E-03
1.4997E-04	8.3687E-04	8.6035E-04	-1.2262E-03	-1.2239E-03
1.5136E-04	8.4461E-04	8.7002E-04	-1.2355E-03	-1.2349E-03
1.5276E-04	8.5242E-04	8.7979E-04	-1.2461E-03	-1.2449E-03
1.5417E-04	8.6030E-04	8.8966E-04	-1.2573E-03	-1.2543E-03
1.5560E-04	8.6826E-04	8.9963E-04	-1.2686E-03	-1.2638E-03
1.5704E-04	8.7629E-04	9.0970E-04	-1.2801E-03	-1.2734E-03
1.5849E-04	8.8439E-04	9.1987E-04	-1.2916E-03	-1.2830E-03
1.5996E-04	8.9257E-04	9.3015E-04	-1.3032E-03	-1.2927E-03
1.6144E-04	9.0082E-04	9.4053E-04	-1.3150E-03	-1.3025E-03
1.6293E-04	9.0915E-04	9.5101E-04	-1.3268E-03	-1.3124E-03
1.6444E-04	9.1756E-04	9.6160E-04	-1.3388E-03	-1.3223E-03
1.6596E-04	9.2604E-04	9.7230E-04	-1.3508E-03	-1.3324E-03
1.6749E-04	9.3460E-04	9.8311E-04	-1.3630E-03	-1.3425E-03
1.6904E-04	9.4323E-04	9.9403E-04	-1.3753E-03	-1.3526E-03
1.7061E-04	9.5195E-04	1.0051E-03	-1.3877E-03	-1.3629E-03
1.7219E-04	9.6075E-04	1.0162E-03	-1.4002E-03	-1.3732E-03
1.7378E-04	9.6962E-04	1.0274E-03	-1.4128E-03	-1.3837E-03
1.7539E-04	9.7858E-04	1.0388E-03	-1.4255E-03	-1.3942E-03
1.7701E-04	9.8762E-04	1.0503E-03	-1.4383E-03	-1.4047E-03
1.7865E-04	9.9674E-04	1.0619E-03	-1.4513E-03	-1.4154E-03
1.8030E-04	1.0059E-03	1.0736E-03	-1.4643E-03	-1.4261E-03
1.8197E-04	1.0152E-03	1.0854E-03	-1.4775E-03	-1.4370E-03
1.8365E-04	1.0246E-03	1.0974E-03	-1.4908E-03	-1.4479E-03
1.8535E-04	1.0341E-03	1.1094E-03	-1.5042E-03	-1.4589E-03
1.8707E-04	1.0436E-03	1.1216E-03	-1.5178E-03	-1.4700E-03
1.8880E-04	1.0533E-03	1.1339E-03	-1.5314E-03	-1.4811E-03
1.9055E-04	1.0630E-03	1.1464E-03	-1.5452E-03	-1.4924E-03
1.9231E-04	1.0728E-03	1.1589E-03	-1.5591E-03	-1.5037E-03
1.9409E-04	1.0827E-03	1.1716E-03	-1.5731E-03	-1.5151E-03
1.9588E-04	1.0927E-03	1.1844E-03	-1.5873E-03	-1.5267E-03
1.9770E-04	1.1028E-03	1.1973E-03	-1.6016E-03	-1.5383E-03
1.9953E-04	1.1129E-03	1.2104E-03	-1.6160E-03	-1.5500E-03
2.0137E-04	1.1232E-03	1.2236E-03	-1.6305E-03	-1.5618E-03
2.0324E-04	1.1336E-03	1.2369E-03	-1.6451E-03	-1.5736E-03
2.0512E-04	1.1440E-03	1.2504E-03	-1.6599E-03	-1.5856E-03
2.0701E-04	1.1546E-03	1.2640E-03	-1.6749E-03	-1.5977E-03
2.0893E-04	1.1652E-03	1.2777E-03	-1.6899E-03	-1.6098E-03
2.1086E-04	1.1760E-03	1.2916E-03	-1.7051E-03	-1.6221E-03
2.1281E-04	1.1868E-03	1.3056E-03	-1.7204E-03	-1.6344E-03
2.1478E-04	1.1977E-03	1.3197E-03	-1.7359E-03	-1.6469E-03
2.1677E-04	1.2088E-03	1.3340E-03	-1.7515E-03	-1.6594E-03
2.1878E-04	1.2199E-03	1.3484E-03	-1.7672E-03	-1.6720E-03
2.2080E-04	1.2311E-03	1.3630E-03	-1.7831E-03	-1.6848E-03
2.2284E-04	1.2425E-03	1.3777E-03	-1.7991E-03	-1.6976E-03
2.2491E-04	1.2539E-03	1.3925E-03	-1.8152E-03	-1.7105E-03
2.2699E-04	1.2655E-03	1.4075E-03	-1.8315E-03	-1.7236E-03
2.2909E-04	1.2771E-03	1.4227E-03	-1.8480E-03	-1.7367E-03
2.3121E-04	1.2889E-03	1.4380E-03	-1.8645E-03	-1.7499E-03
2.3335E-04	1.3008E-03	1.4534E-03	-1.8813E-03	-1.7633E-03
2.3550E-04	1.3127E-03	1.4690E-03	-1.8982E-03	-1.7767E-03
2.3768E-04	1.3248E-03	1.4847E-03	-1.9152E-03	-1.7903E-03
2.3988E-04	1.3370E-03	1.5006E-03	-1.9324E-03	-1.8039E-03
2.4210E-04	1.3493E-03	1.5167E-03	-1.9497E-03	-1.8177E-03
2.4434E-04	1.3617E-03	1.5329E-03	-1.9672E-03	-1.8316E-03
2.4660E-04	1.3742E-03	1.5493E-03	-1.9848E-03	-1.8455E-03
2.4889E-04	1.3869E-03	1.5658E-03	-2.0026E-03	-1.8596E-03
2.5119E-04	1.3996E-03	1.5825E-03	-2.0206E-03	-1.8738E-03
2.5351E-04	1.4125E-03	1.5994E-03	-2.0387E-03	-1.8881E-03
2.5586E-04	1.4255E-03	1.6164E-03	-2.0569E-03	-1.9025E-03
2.5823E-04	1.4386E-03	1.6336E-03	-2.0754E-03	-1.9170E-03
2.6062E-04	1.4518E-03	1.6509E-03	-2.0940E-03	-1.9317E-03
2.6303E-04	1.4652E-03	1.6684E-03	-2.1127E-03	-1.9464E-03
2.6546E-04	1.4786E-03	1.6861E-03	-2.1316E-03	-1.9613E-03
2.6792E-04	1.4922E-03	1.7040E-03	-2.1507E-03	-1.9763E-03
2.7040E-04	1.5059E-03	1.7220E-03	-2.1700E-03	-1.9914E-03
2.7290E-04	1.5197E-03	1.7403E-03	-2.1894E-03	-2.0066E-03
2.7542E-04	1.5337E-03	1.7586E-03	-2.2090E-03	-2.0219E-03
2.7797E-04	1.5478E-03	1.7772E-03	-2.2287E-03	-2.0374E-03
2.8054E-04	1.5620E-03	1.7959E-03	-2.2487E-03	-2.0529E-03
2.8314E-04	1.5763E-03	1.8149E-03	-2.2688E-03	-2.0686E-03
2.8576E-04	1.5908E-03	1.8340E-03	-2.2891E-03	-2.0844E-03
2.8840E-04	1.6054E-03	1.8533E-03	-2.3096E-03	-2.1004E-03
2.9107E-04	1.6201E-03	1.8727E-03	-2.3302E-03	-2.1164E-03
2.9376E-04	1.6350E-03	1.8924E-03	-2.3510E-03	-2.1326E-03
2.9648E-04	1.6499E-03	1.9123E-03	-2.3720E-03	-2.1489E-03
2.9923E-04	1.6651E-03	1.9323E-03	-2.3932E-03	-2.1653E-03
3.0200E-04	1.6803E-03	1.9525E-03	-2.4146E-03	-2.1819E-03
3.0479E-04	1.6957E-03	1.9730E-03	-2.4362E-03	-2.1986E-03
3.0761E-04	1.7113E-03	1.9936E-03	-2.4579E-03	-2.2154E-03
3.1046E-04	1.7269E-03	2.0144E-03	-2.4799E-03	-2.2324E-03
3.1333E-04	1.7428E-03	2.0354E-03	-2.5020E-03	-2.2495E-03
3.1623E-04	1.7587E-03	2.0567E-03	-2.5243E-03	-2.2667E-03
3.1915E-04	1.7748E-03	2.0781E-03	-2.5469E-03	-2.2840E-03
3.2211E-04	1.7911E-03	2.0997E-03	-2.5696E-03	-2.3015E-03
3.2509E-04	1.8075E-03	2.1215E-03	-2.5925E-03	-2.3191E-03
3.2810E-04	1.8240E-03	2.1436E-03	-2.6156E-03	-2.3369E-03
3.3113E-04	1.8407E-03	2.1658E-03	-2.6389E-03	-2.3548E-03
3.3420E-04	1.8575E-03	2.1883E-03	-2.6625E-03	-2.3728E-03
3.3729E-04	1.8745E-03	2.2110E-03	-2.6862E-03	-2.3910E-03
3.4041E-04	1.8916E-03	2.2338E-03	-2.7101E-03	-2.4093E-03
3.4356E-04	1.9089E-03	2.2569E-03	-2.7343E-03	-2.4278E-03
3.4674E-04	1.9264E-03	2.2803E-03	-2.7586E-03	-2.4464E-03
3.4995E-04	1.9440E-03	2.3038E-03	-2.7832E-03	-2.4651E-03
3.5318E-04	1.9617E-03	2.3276E-03	-2.8079E-03	-2.4840E-03
3.5645E-04	1.9797E-03	2.3516E-03	-2.8329E-03	-2.5030E-03
3.5975E-04	1.9977E-03	2.3758E-03	-2.8581E-03	-2.5222E-03
3.6308E-04	2.0160E-03	2.4002E-03	-2.8836E-03	-2.5415E-03
3.6644E-04	2.0344E-03	2.4249E-03	-2.9092E-03	-2.5610E-03
3.6983E-04	2.0529E-03	2.4498E-03	-2.9351E-03	-2.5807E-03
3.7325E-04	2.0717E-03	2.4749E-03	-2.9612E-03	-2.6004E-03
3.7670E-04	2.0906E-03	2.5003E-03	-2.9875E-03	-2.6204E-03
3.8019E-04	2.1096E-03	2.5259E-03	-3.0140E-03	-2.6405E-03
3.8371E-04	2.1289E-03	2.5517E-03	-3.0408E-03	-2.6607E-03
3.8726E-04	2.1483E-03	2.5778E-03	-3.0678E-03	-2.6811E-03
3.9084E-04	2.1678E-03	2.6042E-03	-3.0950E-03	-2.7017E-03
3.9446E-04	2.1876E-03	2.6307E-03	-3.1225E-03	-2.7224E-03
3.9811E-04	2.2075E-03	2.6576E-03	-3.1502E-03	-2.7433E-03
4.0179E-04	2.2276E-03	2.6846E-03	-3.1781E-03	-2.7643E-03
4.0551E-04	2.2479E-03	2.7120E-03	-3.2063E-03	-2.7855E-03
4.0926E-04	2.2683E-03	2.7395E-03	-3.2348E-03	-2.8069E-03
4.1305E-04	2.2890E-03	2.7674E-03	-3.2634E-03	-2.8285E-03
4.1687E-04	2.3098E-03	2.7955E-03	-3.2924E-03	-2.8502E-03
4.2073E-04	2.3308E-03	2.8238E-03	-3.3215E-03	-2.8720E-03
4.2462E-04	2.3520E-03	2.8524E-03	-3.3509E-03	-2.8941E-03
4.2855E-04	2.3734E-03	2.8813E-03	-3.3806E-03	-2.9163E-03
4.3251E-04	2.3949E-03	2.9105E-03	-3.4105E-03	-2.9387E-03
4.3652E-04	2.4167E-03	2.9399E-03	-3.4407E-03	-2.9612E-03
4.4055E-04	2.4386E-03	2.9696E-03	-3.4712E-03	-2.9840E-03
4.4463E-04	2.4608E-03	2.9995E-03	-3.5019E-03	-3.0069E-03
4.4875E-04	2.4831E-03	3.0297E-03	-3.5328E-03	-3.0299E-03
4.5290E-04	2.5057E-03	3.0602E-03	-3.5640E-03	-3.0532E-03
4.5709E-04	2.5284E-03	3.0910E-03	-3.5955E-03	-3.0767E-03
4.6132E-04	2.5513E-03	3.1221E-03	-3.6273E-03	-3.1003E-03
4.6559E-04	2.5745E-03	3.1535E-03	-3.6593E-03	-3.1241E-03
4.6989E-04	2.5978E-03	3.1851E-03	-3.6916E-03	-3.1481E-03
4.7424E-04	2.6213E-03	3.2170E-03	-3.7242E-03	-3.1722E-03
4.7863E-04	2.6451E-03	3.2492E-03	-3.7571E-03	-3.1966E-03
4.8306E-04	2.6690E-03	3.2817E-03	-3.7902E-03	-3.2212E-03
4.8753E-04	2.6932E-03	3.3146E-03	-3.8236E-03	-3.2459E-03
4.9204E-04	2.7176E-03	3.3477E-03	-3.8573E-03	-3.2708E-03
4.9659E-04	2.7422E-03	3.3811E-03	-3.8913E-03	-3.2959E-03
5.0119E-04	2.7670E-03	3.4148E-03	-3.9256E-03	-3.3213E-03
5.0582E-04	2.7920E-03	3.4488E-03	-3.9602E-03	-3.3468E-03
5.1050E-04	2.8172E-03	3.4831E-03	-3.9950E-03	-3.3725E-03
5.1523E-04	2.8427E-03	3.5177E-03	-4.0302E-03	-3.3984E-03
5.2000E-04	2.8684E-03	3.5527E-03	-4.0656E-03	-3.4245E-03
5.2481E-04	2.8943E-03	3.5879E-03	-4.1014E-03	-3.4508E-03
5.2966E-04	2.9204E-03	3.6235E-03	-4.1374E-03	-3.4773E-03
5.3456E-04	2.9468E-03	3.6594E-03	-4.1738E-03	-3.5040E-03
5.3951E-04	2.9734E-03	3.6956E-03	-4.2105E-03	-3.5309E-03
5.4450E-04	3.0002E-03	3.7321E-03	-4.2474E-03	-3.5581E-03
5.4954E-04	3.0272E-03	3.7690E-03	-4.2847E-03	-3.5854E-03
5.5463E-04	3.0545E-03	3.8062E-03	-4.3223E-03	-3.6129E-03
5.5976E-04	3.0820E-03	3.8437E-03	-4.3602E-03	-3.6407E-03
5.6494E-04	3.1098E-03	3.8816E-03	-4.3985E-03	-3.6687E-03
5.7016E-04	3.1378E-03	3.9198E-03	-4.4370E-03	-3.6968E-03
5.7544E-04	3.1660E-03	3.9583E-03	-4.4759E-03	-3.7253E-03
5.8076E-04	3.1945E-03	3.9972E-03	-4.5151E-03	-3.7539E-03
5.8614E-04	3.2233E-03	4.0364E-03	-4.5546E-03	-3.7827E-03
5.9156E-04	3.2522E-03	4.0760E-03	-4.5945E-03	-3.8118E-03
5.9704E-04	3.2815E-03	4.1159E-03	-4.6347E-03	-3.8411E-03
6.0256E-04	3.3110E-03	4.1562E-03	-4.6752E-03	-3.8706E-03
6.0813E-04	3.3407E-03	4.1969E-03	-4.7161E-03	-3.9003E-03
6.1376E-04	3.3707E-03	4.2378E-03	-4.7573E-03	-3.9303E-03
6.1944E-04	3.4010E-03	4.2792E-03	-4.7989E-03	-3.9605E-03
6.2517E-04	3.4315E-03	4.3209E-03	-4.8408E-03	-3.9909E-03
6.3096E-04	3.4622E-03	4.3630E-03	-4.8830E-03	-4.0215E-03
6.3680E-04	3.4933E-03	4.4054E-03	-4.9256E-03	-4.0524E-03
6.4269E-04	3.5246E-03	4.4483E-03	-4.9686E-03	-4.0836E-03
6.4863E-04	3.5562E-03	4.4915E-03	-5.0119E-03	-4.1149E-03
6.5464E-04	3.5880E-03	4.5351E-03	-5.0556E-03	-4.1465E-03
6.6069E-04	3.6201E-03	4.5790E-03	-5.0996E-03	-4.1784E-03
6.6681E-04	3.6525E-03	4.6233E-03	-5.1440E-03	-4.2105E-03
6.7298E-04	3.6852E-03	4.6681E-03	-5.1888E-03	-4.2428E-03
6.7920E-04	3.7181E-03	4.7132E-03	-5.2339E-03	-4.2754E-03
6.8549E-04	3.7514E-03	4.7587E-03	-5.2794E-03	-4.3082E-03
6.9183E-04	3.7849E-03	4.8046E-03	-5.3253E-03	-4.3413E-03
6.9823E-04	3.8187E-03	4.8509E-03	-5.3716E-03	-4.3747E-03
7.0469E-04	3.8528E-03	4.8976E-03	-5.4182E-03	-4.4083E-03
7.1121E-04	3.8871E-03	4.9447E-03	-5.4653E-03	-4.4421E-03
7.1779E-04	3.9218E-03	4.9922E-03	-5.5127E-03	-4.4762E-03
7.2444E-04	3.9568E-03	5.0401E-03	-5.5605E-03	-4.5106E-03
7.3114E-04	3.9920E-03	5.0885E-03	-5.6087E-03	-4.5452E-03
7.3790E-04	4.0276E-03	5.1372E-03	-5.6573E-03	-4.5801E-03
7.4473E-04	4.0635E-03	5.1864E-03	-5.7063E-03	-4.6153E-03
7.5162E-04	4.0996E-03	5.2360E-03	-5.7557E-03	-4.6507E-03
7.5858E-04	4.1361E-03	5.2860E-03	-5.8055E-03	-4.6864E-03
7.6560E-04	4.1729E-03	5.3364E-03	-5.8557E-03	-4.7223E-03
7.7268E-04	4.2099E-03	5.3873E-03	-5.9063E-03	-4.7586E-03
7.7983E-04	4.2473E-03	5.4386E-03	-5.9573E-03	-4.7951E-03
7.8705E-04	4.2851E-03	5.4903E-03	-6.0087E-03	-4.8319E-03
7.9433E-04	4.3231E-03	5.5425E-03	-6.0606E-03	-4.8690E-03
8.0168E-04	4.3614E-03	5.5951E-03	-6.1129E-03	-4.9063E-03
8.0910E-04	4.4001E-03	5.6482E-03	-6.1656E-03	-4.9440E-03
8.1658E-04	4.4391E-03	5.7017E-03	-6.2187E-03	-4.9819E-03
8.2414E-04	4.4784E-03	5.7556E-03	-6.2723E-03	-5.0201E-03
8.3176E-04	4.5181E-03	5.8101E-03	-6.3263E-03	-5.0586E-03
8.3946E-04	4.5581E-03	5.8649E-03	-6.3807E-03	-5.0974E-03
8.4723E-04	4.5984E-03	5.9203E-03	-6.4356E-03	-5.1365E-03
8.5507E-04	4.6391E-03	5.9761E-03	-6.4909E-03	-5.1759E-03
8.6298E-04	4.6801E-03	6.0324E-03	-6.5467E-03	-5.2155E-03
8.7096E-04	4.7214E-03	6.0891E-03	-6.6029E-03	-5.2555E-03
8.7902E-04	4.7631E-03	6.1463E-03	-6.6595E-03	-5.2958E-03
8.8716E-04	4.8051E-03	6.2040E-03	-6.7167E-03	-5.3364E-03
8.9536E-04	4.8475E-03	6.2622E-03	-6.7742E-03	-5.3773E-03
9.0365E-04	4.8902E-03	6.3208E-03	-6.8323E-03	-5.4185E-03
9.1201E-04	4.9333E-03	6.3800E-03	-6.8908E-03	-5.4600E-03
9.2045E-04	4.9768E-03	6.4396E-03	-6.9498E-03	-5.5018E-03
9.2897E-04	5.0206E-03	6.4998E-03	-7.0092E-03	-5.5439E-03
9.3756E-04	5.0647E-03	6.5604E-03	-7.0691E-03	-5.5864E-03
9.4624E-04	5.1093E-03	6.6215E-03	-7.1295E-03	-5.6292E-03
9.5499E-04	5.1542E-03	6.6831E-03	-7.1904E-03	-5.6723E-03
9.6383E-04	5.1994E-03	6.7453E-03	-7.2518E-03	-5.7157E-03
9.7275E-04	5.2451E-03	6.8079E-03	-7.3136E-03	-5.7594E-03
9.8175E-04	5.2911E-03	6.8711E-03	-7.3760E-03	-5.8035E-03
9.9083E-04	5.3375E-03	6.9348E-03	-7.4388E-03	-5.8479E-03
1.0000E-03	5.3843E-03	6.9990E-03	-7.5021E-03	-5.8927E-03
1.0093E-03	5.4314E-03	7.0637E-03	-7.5660E-03	-5.9377E-03
1.0186E-03	5.4790E-03	7.1289E-03	-7.6303E-03	-5.9831E-03
1.0280E-03	5.5269E-03	7.1947E-03	-7.6952E-03	-6.0289E-03
1.0375E-03	5.5752E-03	7.2610E-03	-7.7605E-03	-6.0750E-03
1.0471E-03	5.6240E-03	7.3279E-03	-7.8264E-03	-6.1214E-03
1.0568E-03	5.6731E-03	7.3953E-03	-7.8928E-03	-6.1682E-03
1.0666E-03	5.7226E-03	7.4632E-03	-7.9597E-03	-6.2154E-03
1.0765E-03	5.7725E-03	7.5317E-03	-8.0271E-03	-6.2628E-03
1.0864E-03	5.8229E-03	7.6008E-03	-8.0951E-03	-6.3107E-03
1.0965E-03	5.8736E-03	7.6704E-03	-8.1636E-03	-6.3589E-03
1.1066E-03	5.9247E-03	7.7405E-03	-8.2326E-03	-6.4074E-03
1.1169E-03	5.9763E-03	7.8112E-03	-8.3022E-03	-6.4564E-03
1.1272E-03	6.0283E-03	7.8825E-03	-8.3723E-03	-6.5056E-03
1.1376E-03	6.0807E-03	7.9544E-03	-8.4430E-03	-6.5553E-03
1.1482E-03	6.1335E-03	8.0268E-03	-8.5142E-03	-6.6053E-03
1.1588E-03	6.1868E-03	8.0998E-03	-8.5860E-03	-6.6557E-03
1.1695E-03	6.2405E-03	8.1734E-03	-8.6583E-03	-6.7065E-03
1.1803E-03	6.2946E-03	8.2475E-03	-8.7312E-03	-6.7576E-03
1.1912E-03	6.3491E-03	8.3223E-03	-8.8046E-03	-6.8091E-03
1.2023E-03	6.4041E-03	8.3976E-03	-8.8786E-03	-6.8610E-03
1.2134E-03	6.4595E-03	8.4736E-03	-8.9532E-03	-6.9133E-03
1.2246E-03	6.5154E-03	8.5501E-03	-9.0284E-03	-6.9660E-03
1.2359E-03	6.5717E-03	8.6272E-03	-9.1041E-03	-7.0190E-03
1.2474E-03	6.6285E-03	8.7050E-03	-9.1804E-03	-7.0725E-03
1.2589E-03	6.6857E-03	8.7833E-03	-9.2573E-03	-7.1263E-03
1.2706E-03	6.7434E-03	8.8623E-03	-9.3348E-03	-7.1806E-03
1.2823E-03	6.8015E-03	8.9419E-03	-9.4129E-03	-7.2352E-03
1.2942E-03	6.8601E-03	9.0221E-03	-9.4916E-03	-7.2903E-03
1.3062E-03	6.9192E-03	9.1029E-03	-9.5709E-03	-7.3457E-03
1.3183E-03	6.9787E-03	9.1843E-03	-9.6508E-03	-7.4016E-03
1.3305E-03	7.0387E-03	9.2664E-03	-9.7313E-03	-7.4578E-03
1.3428E-03	7.0992E-03	9.3491E-03	-9.8124E-03	-7.5145E-03
1.3552E-03	7.1601E-03	9.4325E-03	-9.8941E-03	-7.5716E-03
1.3677E-03	7.2215E-03	9.5165E-03	-9.9765E-03	-7.6291E-03
1.3804E-03	7.2835E-03	9.6011E-03	-1.0059E-02	-7.6871E-03
1.3932E-03	7.3459E-03	9.6864E-03	-1.0143E-02	-7.7454E-03
1.4060E-03	7.4088E-03	9.7724E-03	-1.0227E-02	-7.8042E-03
1.4191E-03	7.4721E-03	9.8590E-03	-1.0312E-02	-7.8634E-03
1.4322E-03	7.5360E-03	9.9462E-03	-1.0398E-02	-7.9231E-03
1.4454E-03	7.6004E-03	1.0034E-02	-1.0484E-02	-7.9832E-03
1.4588E-03	7.6653E-03	1.0123E-02	-1.0571E-02	-8.0437E-03
1.4723E-03	7.7307E-03	1.0212E-02	-1.0658E-02	-8.1046E-03
1.4859E-03	7.7966E-03	1.0302E-02	-1.0746E-02	-8.1660E-03
1.4997E-03	7.8630E-03	1.0393E-02	-1.0835E-02	-8.2279E-03
1.5136E-03	7.9299E-03	1.0484E-02	-1.0924E-02	-8.2902E-03
1.5276E-03	7.9974E-03	1.0576E-02	-1.1014E-02	-8.3529E-03
1.5417E-03	8.0653E-03	1.0669E-02	-1.1105E-02	-8.4162E-03
1.5560E-03	8.1338E-03	1.0762E-02	-1.1196E-02	-8.4798E-03
1.5704E-03	8.2029E-03	1.0856E-02	-1.1289E-02	-8.5440E-03
1.5849E-03	8.2724E-03	1.0951E-02	-1.1381E-02	-8.6085E-03
1.5996E-03	8.3425E-03	1.1046E-02	-1.1475E-02	-8.6736E-03
1.6144E-03	8.4132E-03	1.1143E-02	-1.1569E-02	-8.7391E-03
1.6293E-03	8.4843E-03	1.1239E-02	-1.1664E-02	-8.8051E-03
1.6444E-03	8.5560E-03	1.1337E-02	-1.1759E-02	-8.8716E-03
1.6596E-03	8.6283E-03	1.1435E-02	-1.1856E-02	-8.9385E-03
1.6749E-03	8.7011E-03	1.1535E-02	-1.1953E-02	-9.0060E-03
1.6904E-03	8.7745E-03	1.1634E-02	-1.2050E-02	-9.0739E-03
1.7061E-03	8.8484E-03	1.1735E-02	-1.2149E-02	-9.1423E-03
1.7219E-03	8.9229E-03	1.1836E-02	-1.2248E-02	-9.2112E-03
1.7378E-03	8.9980E-03	1.1938E-02	-1.2348E-02	-9.2806E-03
1.7539E-03	9.0736E-03	1.2041E-02	-1.2448E-02	-9.3505E-03
1.7701E-03	9.1498E-03	1.2144E-02	-1.2549E-02	-9.4209E-03
1.7865E-03	9.2266E-03	1.2249E-02	-1.2651E-02	-9.4917E-03
1.8030E-03	9.3040E-03	1.2354E-02	-1.2754E-02	-9.5631E-03
1.8197E-03	9.3819E-03	1.2459E-02	-1.2858E-02	-9.6350E-03
1.8365E-03	9.4605E-03	1.2566E-02	-1.2962E-02	-9.7074E-03
1.8535E-03	9.5396E-03	1.2673E-02	-1.3067E-02	-9.7804E-03
1.8707E-03	9.6193E-03	1.2781E-02	-1.3172E-02	-9.8538E-03
1.8880E-03	9.6996E-03	1.2890E-02	-1.3279E-02	-9.9278E-03
1.9055E-03	9.7805E-03	1.3000E-02	-1.3386E-02	-1.0002E-02
1.9231E-03	9.8620E-03	1.3110E-02	-1.3494E-02	-1.0077E-02
1.9409E-03	9.9442E-03	1.3222E-02	-1.3603E-02	-1.0153E-02
1.9588E-03	1.0027E-02	1.3334E-02	-1.3713E-02	-1.0229E-02
1.9770E-03	1.0110E-02	1.3446E-02	-1.3823E-02	-1.0306E-02
1.9953E-03	1.0194E-02	1.3560E-02	-1.3934E-02	-1.0383E-02
2.0137E-03	1.0279E-02	1.3674E-02	-1.4046E-02	-1.0460E-02
2.0324E-03	1.0364E-02	1.3790E-02	-1.4159E-02	-1.0539E-02
2.0512E-03	1.0450E-02	1.3906E-02	-1.4272E-02	-1.0617E-02
2.0701E-03	1.0536E-02	1.4022E-02	-1.4386E-02	-1.0697E-02
2.0893E-03	1.0623E-02	1.4140E-02	-1.4502E-02	-1.0777E-02
2.1086E-03	1.0711E-02	1.4259E-02	-1.4617E-02	-1.0857E-02
2.1281E-03	1.0800E-02	1.4378E-02	-1.4734E-02	-1.0938E-02
2.1478E-03	1.0889E-02	1.4498E-02	-1.4852E-02	-1.1020E-02
2.1677E-03	1.0978E-02	1.4619E-02	-1.4970E-02	-1.1102E-02
2.1878E-03	1.1069E-02	1.4741E-02	-1.5089E-02	-1.1185E-02
2.2080E-03	1.1160E-02	1.4863E-02	-1.5209E-02	-1.1268E-02
2.2284E-03	1.1251E-02	1.4987E-02	-1.5330E-02	-1.1352E-02
2.2491E-03	1.1344E-02	1.5111E-02	-1.5452E-02	-1.1436E-02
2.2699E-03	1.1437E-02	1.5236E-02	-1.5574E-02	-1.1521E-02
2.2909E-03	1.1530E-02	1.5362E-02	-1.5698E-02	-1.1607E-02
2.3121E-03	1.1625E-02	1.5489E-02	-1.5822E-02	-1.1693E-02
2.3335E-03	1.1720E-02	1.5617E-02	-1.5947E-02	-1.1780E-02
2.3550E-03	1.1815E-02	1.5746E-02	-1.6073E-02	-1.1868E-02
2.3768E-03	1.1912E-02	1.5875E-02	-1.6200E-02	-1.1956E-02
2.3988E-03	1.2009E-02	1.6006E-02	-1.6327E-02	-1.2044E-02
2.4210E-03	1.2107E-02	1.6137E-02	-1.6456E-02	-1.2134E-02
2.4434E-03	1.2205E-02	1.6269E-02	-1.6585E-02	-1.2223E-02
2.4660E-03	1.2304E-02	1.6402E-02	-1.6715E-02	-1.2314E-02
2.4889E-03	1.2404E-02	1.6536E-02	-1.6847E-02	-1.2405E-02
2.5119E-03	1.2505E-02	1.6671E-02	-1.6979E-02	-1.2497E-02
2.5351E-03	1.2606E-02	1.6807E-02	-1.7112E-02	-1.2589E-02
2.5586E-03	1.2708E-02	1.6943E-02	-1.7245E-02	-1.2682E-02
2.5823E-03	1.2811E-02	1.7081E-02	-1.7380E-02	-1.2776E-02
2.6062E-03	1.2914E-02	1.7219E-02	-1.7516E-02	-1.2870E-02
2.6303E-03	1.3018E-02	1.7359E-02	-1.7652E-02	-1.2965E-02
2.6546E-03	1.3123E-02	1.7499E-02	-1.7790E-02	-1.3060E-02
2.6792E-03	1.3229E-02	1.7640E-02	-1.7928E-02	-1.3157E-02
2.7040E-03	1.3335E-02	1.7782E-02	-1.8067E-02	-1.3254E-02
2.7290E-03	1.3442E-02	1.7925E-02	-1.8208E-02	-1.3351E-02
2.7542E-03	1.3550E-02	1.8069E-02	-1.8349E-02	-1.3449E-02
2.7797E-03	1.3659E-02	1.8214E-02	-1.8491E-02	-1.3548E-02
2.8054E-03	1.3768E-02	1.8360E-02	-1.8634E-02	-1.3647E-02
2.8314E-03	1.3878E-02	1.8507E-02	-1.8778E-02	-1.3748E-02
2.8576E-03	1.3989E-02	1.8655E-02	-1.8923E-02	-1.3848E-02
2.8840E-03	1.4101E-02	1.8803E-02	-1.9068E-02	-1.3950E-02
2.9107E-03	1.4213E-02	1.8953E-02	-1.9215E-02	-1.4052E-02
2.9376E-03	1.4327E-02	1.9104E-02	-1.9363E-02	-1.4155E-02
2.9648E-03	1.4441E-02	1.9255E-02	-1.9512E-02	-1.4259E-02
2.9923E-03	1.4555E-02	1.9408E-02	-1.9661E-02	-1.4363E-02
3.0200E-03	1.4671E-02	1.9561E-02	-1.9812E-02	-1.4468E-02
3.0479E-03	1.4787E-02	1.9716E-02	-1.9964E-02	-1.4573E-02
3.0761E-03	1.4904E-02	1.9871E-02	-2.0116E-02	-1.4680E-02
3.1046E-03	1.5022E-02	2.0028E-02	-2.0270E-02	-1.4787E-02
3.1333E-03	1.5141E-02	2.0185E-02	-2.0424E-02	-1.4894E-02
3.1623E-03	1.5260E-02	2.0344E-02	-2.0580E-02	-1.5003E-02
3.1915E-03	1.5381E-02	2.0503E-02	-2.0737E-02	-1.5112E-02
3.2211E-03	1.5502E-02	2.0663E-02	-2.0894E-02	-1.5222E-02
3.2509E-03	1.5624E-02	2.0825E-02	-2.1053E-02	-1.5332E-02
3.2810E-03	1.5746E-02	2.0987E-02	-2.1212E-02	-1.5444E-02
3.3113E-03	1.5870E-02	2.1151E-02	-2.1373E-02	-1.5556E-02
3.3420E-03	1.5994E-02	2.1315E-02	-2.1534E-02	-1.5669E-02
3.3729E-03	1.6120E-02	2.1481E-02	-2.1697E-02	-1.5782E-02
3.4041E-03	1.6246E-02	2.1647E-02	-2.1861E-02	-1.5896E-02
3.4356E-03	1.6373E-02	2.1815E-02	-2.2025E-02	-1.6011E-02
3.4674E-03	1.6500E-02	2.1983E-02	-2.2191E-02	-1.6127E-02
3.4995E-03	1.6629E-02	2.2153E-02	-2.2358E-02	-1.6244E-02
3.5318E-03	1.6758E-02	2.2323E-02	-2.2526E-02	-1.6361E-02
3.5645E-03	1.6889E-02	2.2495E-02	-2.2695E-02	-1.6479E-02
3.5975E-03	1.7020E-02	2.2668E-02	-2.2864E-02	-1.6598E-02
3.6308E-03	1.7152E-02	2.2841E-02	-2.3035E-02	-1.6717E-02
3.6644E-03	1.7284E-02	2.3016E-02	-2.3207E-02	-1.6838E-02
3.6983E-03	1.7418E-02	2.3192E-02	-2.3380E-02	-1.6959E-02
3.7325E-03	1.7553E-02	2.3369E-02	-2.3554E-02	-1.7081E-02
3.7670E-03	1.7688E-02	2.3547E-02	-2.3730E-02	-1.7203E-02
3.8019E-03	1.7824E-02	2.3725E-02	-2.3906E-02	-1.7327E-02
3.8371E-03	1.7962E-02	2.3906E-02	-2.4083E-02	-1.7451E-02
3.8726E-03	1.8100E-02	2.4087E-02	-2.4262E-02	-1.7576E-02
3.9084E-03	1.8239E-02	2.4269E-02	-2.4441E-02	-1.7702E-02
3.9446E-03	1.8378E-02	2.4452E-02	-2.4622E-02	-1.7828E-02
3.9811E-03	1.8519E-02	2.4636E-02	-2.4803E-02	-1.7956E-02
4.0179E-03	1.8661E-02	2.4822E-02	-2.4986E-02	-1.8084E-02
4.0551E-03	1.8803E-02	2.5008E-02	-2.5170E-02	-1.8213E-02
4.0926E-03	1.8947E-02	2.5196E-02	-2.5355E-02	-1.8343E-02
4.1305E-03	1.9091E-02	2.5384E-02	-2.5541E-02	-1.8474E-02
4.1687E-03	1.9237E-02	2.5574E-02	-2.5728E-02	-1.8605E-02
4.2073E-03	1.9383E-02	2.5765E-02	-2.5917E-02	-1.8737E-02
4.2462E-03	1.9530E-02	2.5957E-02	-2.6106E-02	-1.8870E-02
4.2855E-03	1.9678E-02	2.6150E-02	-2.6297E-02	-1.9004E-02
4.3251E-03	1.9827E-02	2.6344E-02	-2.6488E-02	-1.9139E-02
4.3652E-03	1.9977E-02	2.6540E-02	-2.6681E-02	-1.9275E-02
4.4055E-03	2.0128E-02	2.6736E-02	-2.6875E-02	-1.9411E-02
4.4463E-03	2.0279E-02	2.6934E-02	-2.7070E-02	-1.9549E-02
4.4875E-03	2.0432E-02	2.7132E-02	-2.7266E-02	-1.9687E-02
4.5290E-03	2.0586E-02	2.7332E-02	-2.7464E-02	-1.9826E-02
4.5709E-03	2.0740E-02	2.7533E-02	-2.7662E-02	-1.9966E-02
4.6132E-03	2.0896E-02	2.7735E-02	-2.7862E-02	-2.0107E-02
4.6559E-03	2.1052E-02	2.7938E-02	-2.8063E-02	-2.0248E-02
4.6989E-03	2.1210E-02	2.8142E-02	-2.8265E-02	-2.0391E-02
4.7424E-03	2.1368E-02	2.8348E-02	-2.8468E-02	-2.0534E-02
4.7863E-03	2.1528E-02	2.8554E-02	-2.8672E-02	-2.0678E-02
4.8306E-03	2.1688E-02	2.8762E-02	-2.8878E-02	-2.0823E-02
4.8753E-03	2.1849E-02	2.8971E-02	-2.9085E-02	-2.0969E-02
4.9204E-03	2.2012E-02	2.9181E-02	-2.9292E-02	-2.1116E-02
4.9659E-03	2.2175E-02	2.9392E-02	-2.9502E-02	-2.1264E-02
5.0119E-03	2.2339E-02	2.9605E-02	-2.9712E-02	-2.1413E-02
5.0582E-03	2.2505E-02	2.9818E-02	-2.9923E-02	-2.1562E-02
5.1050E-03	2.2671E-02	3.0033E-02	-3.0136E-02	-2.1713E-02
5.1523E-03	2.2838E-02	3.0249E-02	-3.0350E-02	-2.1864E-02
5.2000E-03	2.3007E-02	3.0466E-02	-3.0565E-02	-2.2017E-02
5.2481E-03	2.3176E-02	3.0684E-02	-3.0781E-02	-2.2170E-02
5.2966E-03	2.3346E-02	3.0903E-02	-3.0999E-02	-2.2324E-02
5.3456E-03	2.3518E-02	3.1124E-02	-3.1217E-02	-2.2479E-02
5.3951E-03	2.3690E-02	3.1346E-02	-3.1437E-02	-2.2635E-02
5.4450E-03	2.3863E-02	3.1569E-02	-3.1658E-02	-2.2792E-02
5.4954E-03	2.4038E-02	3.1793E-02	-3.1881E-02	-2.2950E-02
5.5463E-03	2.4213E-02	3.2018E-02	-3.2104E-02	-2.3108E-02
5.5976E-03	2.4389E-02	3.2245E-02	-3.2329E-02	-2.3268E-02
5.6494E-03	2.4567E-02	3.2472E-02	-3.2555E-02	-2.3429E-02
5.7016E-03	2.4745E-02	3.2701E-02	-3.2782E-02	-2.3590E-02
5.7544E-03	2.4925E-02	3.2932E-02	-3.3011E-02	-2.3753E-02
5.8076E-03	2.5106E-02	3.3163E-02	-3.3241E-02	-2.3916E-02
5.8614E-03	2.5287E-02	3.3396E-02	-3.3472E-02	-2.4081E-02
5.9156E-03	2.5470E-02	3.3629E-02	-3.3704E-02	-2.4246E-02
5.9704E-03	2.5654E-02	3.3864E-02	-3.3938E-02	-2.4413E-02
6.0256E-03	2.5839E-02	3.4101E-02	-3.4172E-02	-2.4580E-02
6.0814E-03	2.6024E-02	3.4338E-02	-3.4409E-02	-2.4748E-02
6.1376E-03	2.6211E-02	3.4577E-02	-3.4646E-02	-2.4918E-02
6.1944E-03	2.6399E-02	3.4817E-02	-3.4885E-02	-2.5088E-02
6.2517E-03	2.6588E-02	3.5058E-02	-3.5124E-02	-2.5259E-02
6.3096E-03	2.6779E-02	3.5301E-02	-3.5366E-02	-2.5432E-02
6.3680E-03	2.6970E-02	3.5544E-02	-3.5608E-02	-2.5605E-02
6.4269E-03	2.7162E-02	3.5789E-02	-3.5852E-02	-2.5779E-02
6.4863E-03	2.7356E-02	3.6035E-02	-3.6097E-02	-2.5954E-02
6.5464E-03	2.7550E-02	3.6283E-02	-3.6343E-02	-2.6131E-02
6.6069E-03	2.7746E-02	3.6532E-02	-3.6591E-02	-2.6308E-02
6.6681E-03	2.7942E-02	3.6782E-02	-3.6840E-02	-2.6486E-02
6.7298E-03	2.8140E-02	3.7033E-02	-3.7090E-02	-2.6665E-02
6.7920E-03	2.8339E-02	3.7285E-02	-3.7342E-02	-2.6846E-02
6.8549E-03	2.8539E-02	3.7539E-02	-3.7595E-02	-2.7027E-02
6.9183E-03	2.8740E-02	3.7794E-02	-3.7849E-02	-2.7209E-02
6.9823E-03	2.8943E-02	3.8051E-02	-3.8104E-02	-2.7393E-02
7.0469E-03	2.9146E-02	3.8308E-02	-3.8361E-02	-2.7577E-02
7.1121E-03	2.9351E-02	3.8567E-02	-3.8619E-02	-2.7763E-02
7.1779E-03	2.9556E-02	3.8827E-02	-3.8879E-02	-2.7949E-02
7.2444E-03	2.9763E-02	3.9089E-02	-3.9140E-02	-2.8137E-02
7.3114E-03	2.9971E-02	3.9351E-02	-3.9402E-02	-2.8325E-02
7.3790E-03	3.0180E-02	3.9616E-02	-3.9665E-02	-2.8515E-02
7.4473E-03	3.0390E-02	3.9881E-02	-3.9930E-02	-2.8706E-02
7.5162E-03	3.0602E-02	4.0148E-02	-4.0196E-02	-2.8897E-02
7.5858E-03	3.0814E-02	4.0416E-02	-4.0464E-02	-2.9090E-02
7.6560E-03	3.1028E-02	4.0685E-02	-4.0733E-02	-2.9284E-02
7.7268E-03	3.1243E-02	4.0956E-02	-4.1003E-02	-2.9479E-02
7.7983E-03	3.1459E-02	4.1227E-02	-4.1275E-02	-2.9675E-02
7.8705E-03	3.1676E-02	4.1501E-02	-4.1548E-02	-2.9872E-02
7.9433E-03	3.1894E-02	4.1775E-02	-4.1822E-02	-3.0070E-02
8.0168E-03	3.2114E-02	4.2051E-02	-4.2098E-02	-3.0270E-02
8.0910E-03	3.2334E-02	4.2328E-02	-4.2375E-02	-3.0470E-02
8.1658E-03	3.2556E-02	4.2607E-02	-4.2653E-02	-3.0671E-02
8.2414E-03	3.2779E-02	4.2887E-02	-4.2933E-02	-3.0874E-02
8.3176E-03	3.3004E-02	4.3168E-02	-4.3215E-02	-3.1078E-02
8.3946E-03	3.3229E-02	4.3451E-02	-4.3497E-02	-3.1282E-02
8.4723E-03	3.3456E-02	4.3735E-02	-4.3781E-02	-3.1488E-02
8.5507E-03	3.3683E-02	4.4020E-02	-4.4067E-02	-3.1695E-02
8.6298E-03	3.3913E-02	4.4307E-02	-4.4354E-02	-3.1903E-02
8.7096E-03	3.4143E-02	4.4595E-02	-4.4642E-02	-3.2112E-02
8.7902E-03	3.4374E-02	4.4884E-02	-4.4931E-02	-3.2323E-02
8.8716E-03	3.4607E-02	4.5175E-02	-4.5223E-02	-3.2534E-02
8.9536E-03	3.4841E-02	4.5467E-02	-4.5515E-02	-3.2747E-02
9.0365E-03	3.5076E-02	4.5760E-02	-4.5809E-02	-3.2960E-02
9.1201E-03	3.5312E-02	4.6055E-02	-4.6104E-02	-3.3175E-02
9.2045E-03	3.5550E-02	4.6352E-02	-4.6401E-02	-3.3391E-02
9.2897E-03	3.5789E-02	4.6649E-02	-4.6699E-02	-3.3608E-02
9.3756E-03	3.6029E-02	4.6948E-02	-4.6999E-02	-3.3827E-02
9.4624E-03	3.6270E-02	4.7249E-02	-4.7300E-02	-3.4046E-02
9.5499E-03	3.6513E-02	4.7551E-02	-4.7602E-02	-3.4267E-02
9.6383E-03	3.6757E-02	4.7854E-02	-4.7906E-02	-3.4488E-02
9.7275E-03	3.7002E-02	4.8158E-02	-4.8212E-02	-3.4711E-02
9.8175E-03	3.7248E-02	4.8464E-02	-4.8519E-02	-3.4935E-02
9.9083E-03	3.7496E-02	4.8772E-02	-4.8827E-02	-3.5161E-02
1.0000E-02	3.7745E-02	4.9081E-02	-4.9137E-02	-3.5387E-02
1.1984E-02	4.2901E-02	5.5445E-02	-5.5525E-02	-4.0080E-02
1.3968E-02	4.7679E-02	6.1287E-02	-6.1397E-02	-4.4432E-02
1.5952E-02	5.2148E-02	6.6710E-02	-6.6850E-02	-4.8501E-02
1.7936E-02	5.6362E-02	7.1792E-02	-7.1954E-02	-5.2335E-02
1.9920E-02	6.0362E-02	7.6588E-02	-7.6765E-02	-5.5967E-02
2.1904E-02	6.4180E-02	8.1143E-02	-8.1326E-02	-5.9426E-02
2.3888E-02	6.7842E-02	8.5491E-02	-8.5669E-02	-6.2733E-02
2.5872E-02	7.1370E-02	8.9662E-02	-8.9822E-02	-6.5908E-02
2.7856E-02	7.4779E-02	9.3677E-02	-9.3809E-02	-6.8964E-02
2.9840E-02	7.8085E-02	9.7555E-02	-9.7646E-02	-7.1916E-02
3.1824E-02	8.1300E-02	1.0131E-01	-1.0135E-01	-7.4773E-02
3.3808E-02	8.4434E-02	1.0496E-01	-1.0493E-01	-7.7544E-02
3.5792E-02	8.7497E-02	1.0852E-01	-1.0841E-01	-8.0238E-02
3.7776E-02	9.0495E-02	1.1199E-01	-1.1179E-01	-8.2861E-02
3.9760E-02	9.3435E-02	1.1538E-01	-1.1507E-01	-8.5419E-02
4.1743E-02	9.6324E-02	1.1870E-01	-1.1828E-01	-8.7918E-02
4.3727E-02	9.9166E-02	1.2196E-01	-1.2140E-01	-9.0362E-02
4.5711E-02	1.0197E-01	1.2516E-01	-1.2446E-01	-9.2756E-02
4.7695E-02	1.0473E-01	1.2831E-01	-1.2745E-01	-9.5102E-02
4.9679E-02	1.0746E-01	1.3140E-01	-1.3038E-01	-9.7404E-02
5.1663E-02	1.1015E-01	1.3446E-01	-1.3325E-01	-9.9666E-02
5.3647E-02	1.1282E-01	1.3747E-01	-1.3607E-01	-1.0189E-01
5.5631E-02	1.1546E-01	1.4044E-01	-1.3883E-01	-1.0408E-01
5.7615E-02	1.1808E-01	1.4338E-01	-1.4155E-01	-1.0623E-01
5.9599E-02	1.2068E-01	1.4629E-01	-1.4423E-01	-1.0835E-01
6.1583E-02	1.2326E-01	1.4917E-01	-1.4686E-01	-1.1045E-01
6.3567E-02	1.2583E-01	1.5202E-01	-1.4946E-01	-1.1251E-01
6.5551E-02	1.2837E-01	1.5485E-01	-1.5201E-01	-1.1455E-01
6.7535E-02	1.3091E-01	1.5765E-01	-1.5453E-01	-1.1656E-01
6.9519E-02	1.3343E-01	1.6043E-01	-1.5702E-01	-1.1855E-01
7.1503E-02	1.3594E-01	1.6319E-01	-1.5947E-01	-1.2052E-01
7.3487E-02	1.3843E-01	1.6593E-01	-1.6189E-01	-1.2246E-01
7.5471E-02	1.4092E-01	1.6866E-01	-1.6428E-01	-1.2439E-01
7.7455E-02	1.4341E-01	1.7136E-01	-1.6664E-01	-1.2629E-01
7.9439E-02	1.4588E-01	1.7406E-01	-1.6898E-01	-1.2818E-01
8.1423E-02	1.4835E-01	1.7674E-01	-1.7128E-01	-1.3005E-01
8.3407E-02	1.5081E-01	1.7940E-01	-1.7357E-01	-1.3190E-01
8.5391E-02	1.5327E-01	1.8205E-01	-1.7583E-01	-1.3374E-01
8.7375E-02	1.5573E-01	1.8470E-01	-1.7806E-01	-1.3556E-01
8.9359E-02	1.5818E-01	1.8733E-01	-1.8028E-01	-1.3736E-01
9.1343E-02	1.6063E-01	1.8995E-01	-1.8247E-01	-1.3915E-01
9.3327E-02	1.6307E-01	1.9256E-01	-1.8464E-01	-1.4093E-01
9.5311E-02	1.6552E-01	1.9517E-01	-1.8679E-01	-1.4269E-01
9.7295E-02	1.6796E-01	1.9777E-01	-1.8891E-01	-1.4445E-01
9.9279E-02	1.7041E-01	2.0036E-01	-1.9103E-01	-1.4618E-01
1.0126E-01	1.7285E-01	2.0294E-01	-1.9312E-01	-1.4791E-01
1.0325E-01	1.7529E-01	2.0552E-01	-1.9519E-01	-1.4963E-01
1.0523E-01	1.7774E-01	2.0809E-01	-1.9725E-01	-1.5133E-01
1.0721E-01	1.8019E-01	2.1066E-01	-1.9929E-01	-1.5303E-01
1.0920E-01	1.8263E-01	2.1322E-01	-2.0131E-01	-1.5471E-01
1.1118E-01	1.8508E-01	2.1578E-01	-2.0332E-01	-1.5639E-01
1.1317E-01	1.8753E-01	2.1833E-01	-2.0531E-01	-1.5805E-01
1.1515E-01	1.8999E-01	2.2088E-01	-2.0728E-01	-1.5971E-01
1.1713E-01	1.9245E-01	2.2343E-01	-2.0924E-01	-1.6136E-01
1.1912E-01	1.9491E-01	2.2598E-01	-2.1119E-01	-1.6300E-01
1.2110E-01	1.9737E-01	2.2852E-01	-2.1312E-01	-1.6463E-01
1.2309E-01	1.9983E-01	2.3106E-01	-2.1504E-01	-1.6625E-01
1.2507E-01	2.0230E-01	2.3360E-01	-2.1694E-01	-1.6787E-01
1.2705E-01	2.0478E-01	2.3613E-01	-2.1883E-01	-1.6948E-01
1.2904E-01	2.0726E-01	2.3867E-01	-2.2071E-01	-1.7108E-01
1.3102E-01	2.0974E-01	2.4121E-01	-2.2258E-01	-1.7267E-01
1.3301E-01	2.1223E-01	2.4374E-01	-2.2443E-01	-1.7426E-01
1.3499E-01	2.1472E-01	2.4627E-01	-2.2627E-01	-1.7584E-01
1.3697E-01	2.1721E-01	2.4881E-01	-2.2810E-01	-1.7742E-01
1.3896E-01	2.1971E-01	2.5134E-01	-2.2992E-01	-1.7898E-01
1.4094E-01	2.2222E-01	2.5387E-01	-2.3172E-01	-1.8055E-01
1.4293E-01	2.2473E-01	2.5641E-01	-2.3352E-01	-1.8210E-01
1.4491E-01	2.2725E-01	2.5894E-01	-2.3530E-01	-1.8365E-01
1.4689E-01	2.2977E-01	2.6147E-01	-2.3707E-01	-1.8520E-01
1.4888E-01	2.3230E-01	2.6401E-01	-2.3883E-01	-1.8674E-01
1.5086E-01	2.3483E-01	2.6654E-01	-2.4058E-01	-1.8827E-01
1.5285E-01	2.3737E-01	2.6908E-01	-2.4233E-01	-1.8980E-01
1.5483E-01	2.3991E-01	2.7162E-01	-2.4406E-01	-1.9133E-01
1.5681E-01	2.4246E-01	2.7416E-01	-2.4578E-01	-1.9285E-01
1.5880E-01	2.4501E-01	2.7670E-01	-2.4749E-01	-1.9437E-01
1.6078E-01	2.4758E-01	2.7924E-01	-2.4919E-01	-1.9588E-01
1.6277E-01	2.5014E-01	2.8178E-01	-2.5088E-01	-1.9739E-01
1.6475E-01	2.5272E-01	2.8432E-01	-2.5256E-01	-1.9889E-01
1.6673E-01	2.5530E-01	2.8687E-01	-2.5423E-01	-2.0039E-01
1.6872E-01	2.5788E-01	2.8942E-01	-2.5590E-01	-2.0188E-01
1.7070E-01	2.6047E-01	2.9197E-01	-2.5755E-01	-2.0337E-01
1.7269E-01	2.6307E-01	2.9452E-01	-2.5920E-01	-2.0486E-01
1.7467E-01	2.6567E-01	2.9707E-01	-2.6084E-01	-2.0634E-01
1.7665E-01	2.6828E-01	2.9963E-01	-2.6246E-01	-2.0782E-01
1.7864E-01	2.7090E-01	3.0219E-01	-2.6408E-01	-2.0930E-01
1.8062E-01	2.7352E-01	3.0474E-01	-2.6570E-01	-2.1078E-01
1.8261E-01	2.7615E-01	3.0731E-01	-2.6730E-01	-2.1225E-01
1.8459E-01	2.7878E-01	3.0987E-01	-2.6889E-01	-2.1371E-01
1.8657E-01	2.8142E-01	3.1244E-01	-2.7048E-01	-2.1518E-01
1.8856E-01	2.8407E-01	3.1501E-01	-2.7206E-01	-2.1664E-01
1.9054E-01	2.8672E-01	3.1758E-01	-2.7363E-01	-2.1810E-01
1.9253E-01	2.8938E-01	3.2015E-01	-2.7520E-01	-2.1955E-01
1.9451E-01	2.9204E-01	3.2273E-01	-2.7675E-01	-2.2100E-01
1.9649E-01	2.9472E-01	3.2531E-01	-2.7830E-01	-2.2245E-01
1.9848E-01	2.9739E-01	3.2789E-01	-2.7984E-01	-2.2390E-01
2.0046E-01	3.0008E-01	3.3047E-01	-2.8137E-01	-2.2535E-01
2.0244E-01	3.0276E-01	3.3306E-01	-2.8290E-01	-2.2679E-01
2.0443E-01	3.0546E-01	3.3565E-01	-2.8442E-01	-2.2823E-01
2.0641E-01	3.0816E-01	3.3824E-01	-2.8593E-01	-2.2966E-01
2.0840E-01	3.1087E-01	3.4084E-01	-2.8743E-01	-2.3110E-01
2.1038E-01	3.1358E-01	3.4343E-01	-2.8893E-01	-2.3253E-01
2.1236E-01	3.1630E-01	3.4603E-01	-2.9042E-01	-2.3396E-01
2.1435E-01	3.1902E-01	3.4864E-01	-2.9190E-01	-2.3539E-01
2.1633E-01	3.2175E-01	3.5124E-01	-2.9338E-01	-2.3682E-01
2.1832E-01	3.2448E-01	3.5385E-01	-2.9485E-01	-2.3824E-01
2.2030E-01	3.2722E-01	3.5646E-01	-2.9631E-01	-2.3967E-01
2.2228E-01	3.2997E-01	3.5907E-01	-2.9777E-01	-2.4109E-01
2.2427E-01	3.3272E-01	3.6168E-01	-2.9922E-01	-2.4251E-01
2.2625E-01	3.3548E-01	3.6430E-01	-3.0066E-01	-2.4392E-01
2.2824E-01	3.3824E-01	3.6692E-01	-3.0210E-01	-2.4534E-01
2.3022E-01	3.4100E-01	3.6955E-01	-3.0353E-01	-2.4675E-01
2.3220E-01	3.4378E-01	3.7217E-01	-3.0495E-01	-2.4816E-01
2.3419E-01	3.4655E-01	3.7480E-01	-3.0637E-01	-2.4957E-01
2.3617E-01	3.4933E-01	3.7743E-01	-3.0778E-01	-2.5098E-01
2.3816E-01	3.5212E-01	3.8006E-01	-3.0918E-01	-2.5239E-01
2.4014E-01	3.5491E-01	3.8269E-01	-3.1058E-01	-2.5380E-01
2.4212E-01	3.5771E-01	3.8533E-01	-3.1198E-01	-2.5520E-01
2.4411E-01	3.6051E-01	3.8797E-01	-3.1336E-01	-2.5660E-01
2.4609E-01	3.6331E-01	3.9061E-01	-3.1475E-01	-2.5800E-01
2.4808E-01	3.6612E-01	3.9326E-01	-3.1612E-01	-2.5940E-01
2.5006E-01	3.6893E-01	3.9590E-01	-3.1749E-01	-2.6080E-01
2.5204E-01	3.7175E-01	3.9855E-01	-3.1885E-01	-2.6220E-01
2.5403E-01	3.7457E-01	4.0120E-01	-3.2021E-01	-2.6360E-01
2.5601E-01	3.7740E-01	4.0385E-01	-3.2156E-01	-2.6499E-01
2.5800E-01	3.8023E-01	4.0651E-01	-3.2291E-01	-2.6638E-01
2.5998E-01	3.8306E-01	4.0916E-01	-3.2425E-01	-2.6778E-01
2.6196E-01	3.8590E-01	4.1182E-01	-3.2558E-01	-2.6917E-01
2.6395E-01	3.8874E-01	4.1448E-01	-3.2691E-01	-2.7056E-01
2.6593E-01	3.9158E-01	4.1714E-01	-3.2824E-01	-2.7195E-01
2.6792E-01	3.9443E-01	4.1981E-01	-3.2956E-01	-2.7333E-01
2.6990E-01	3.9728E-01	4.2247E-01	-3.3087E-01	-2.7472E-01
2.7188E-01	4.0013E-01	4.2514E-01	-3.3218E-01	-2.7610E-01
2.7387E-01	4.0299E-01	4.2780E-01	-3.3348E-01	-2.7749E-01
2.7585E-01	4.0585E-01	4.3047E-01	-3.3477E-01	-2.7887E-01
2.7784E-01	4.0871E-01	4.3314E-01	-3.3607E-01	-2.8025E-01
2.7982E-01	4.1157E-01	4.3582E-01	-3.3735E-01	-2.8163E-01
2.8180E-01	4.1444E-01	4.3849E-01	-3.3863E-01	-2.8301E-01
2.8379E-01	4.1731E-01	4.4116E-01	-3.3991E-01	-2.8439E-01
2.8577E-01	4.2018E-01	4.4384E-01	-3.4118E-01	-2.8577E-01
2.8776E-01	4.2306E-01	4.4652E-01	-3.4244E-01	-2.8714E-01
2.8974E-01	4.2593E-01	4.4919E-01	-3.4370E-01	-2.8852E-01
2.9172E-01	4.2881E-01	4.5187E-01	-3.4496E-01	-2.8989E-01
2.9371E-01	4.3169E-01	4.5455E-01	-3.4621E-01	-2.9126E-01
2.9569E-01	4.3457E-01	4.5723E-01	-3.4745E-01	-2.9263E-01
2.9768E-01	4.3745E-01	4.5991E-01	-3.4869E-01	-2.9400E-01
2.9966E-01	4.4033E-01	4.6259E-01	-3.4993E-01	-2.9537E-01
3.0164E-01	4.4322E-01	4.6528E-01	-3.5116E-01	-2.9674E-01
3.0363E-01	4.4610E-01	4.6796E-01	-3.5238E-01	-2.9811E-01
3.0561E-01	4.4899E-01	4.7064E-01	-3.5360E-01	-2.9947E-01
3.0760E-01	4.5188E-01	4.7332E-01	-3.5481E-01	-3.0084E-01
3.0958E-01	4.5477E-01	4.7601E-01	-3.5602E-01	-3.0220E-01
3.1156E-01	4.5766E-01	4.7869E-01	-3.5723E-01	-3.0356E-01
3.1355E-01	4.6054E-01	4.8137E-01	-3.5843E-01	-3.0492E-01
3.1553E-01	4.6343E-01	4.8406E-01	-3.5962E-01	-3.0628E-01
3.1751E-01	4.6632E-01	4.8674E-01	-3.6081E-01	-3.0764E-01
3.1950E-01	4.6921E-01	4.8942E-01	-3.6200E-01	-3.0899E-01
3.2148E-01	4.7210E-01	4.9210E-01	-3.6318E-01	-3.1035E-01
3.2347E-01	4.7499E-01	4.9479E-01	-3.6435E-01	-3.1170E-01
3.2545E-01	4.7788E-01	4.9747E-01	-3.6552E-01	-3.1305E-01
3.2743E-01	4.8077E-01	5.0015E-01	-3.6669E-01	-3.1440E-01
3.2942E-01	4.8365E-01	5.0283E-01	-3.6785E-01	-3.1575E-01
3.3140E-01	4.8654E-01	5.0551E-01	-3.6900E-01	-3.1710E-01
3.3339E-01	4.8943E-01	5.0819E-01	-3.7015E-01	-3.1844E-01
3.3537E-01	4.9231E-01	5.1086E-01	-3.7130E-01	-3.1979E-01
3.3735E-01	4.9519E-01	5.1354E-01	-3.7244E-01	-3.2113E-01
3.3934E-01	4.9807E-01	5.1621E-01	-3.7357E-01	-3.2247E-01
3.4132E-01	5.0095E-01	5.1889E-01	-3.7471E-01	-3.2381E-01
3.4331E-01	5.0383E-01	5.2156E-01	-3.7583E-01	-3.2515E-01
3.4529E-01	5.0671E-01	5.2423E-01	-3.7695E-01	-3.2648E-01
3.4727E-01	5.0958E-01	5.2690E-01	-3.7807E-01	-3.2781E-01
3.4926E-01	5.1246E-01	5.2957E-01	-3.7918E-01	-3.2914E-01
3.5124E-01	5.1533E-01	5.3223E-01	-3.8029E-01	-3.3047E-01
3.5323E-01	5.1819E-01	5.3490E-01	-3.8139E-01	-3.3180E-01
3.5521E-01	5.2106E-01	5.3756E-01	-3.8248E-01	-3.3312E-01
3.5719E-01	5.2392E-01	5.4022E-01	-3.8357E-01	-3.3445E-01
3.5918E-01	5.2678E-01	5.4288E-01	-3.8466E-01	-3.3577E-01
3.6116E-01	5.2964E-01	5.4553E-01	-3.8574E-01	-3.3708E-01
3.6315E-01	5.3249E-01	5.4818E-01	-3.8681E-01	-3.3840E-01
3.6513E-01	5.3534E-01	5.5083E-01	-3.8788E-01	-3.3971E-01
3.6711E-01	5.3819E-01	5.5348E-01	-3.8895E-01	-3.4102E-01
3.6910E-01	5.4103E-01	5.5613E-01	-3.9001E-01	-3.4233E-01
3.7108E-01	5.4387E-01	5.5877E-01	-3.9106E-01	-3.4363E-01
3.7307E-01	5.4671E-01	5.6141E-01	-3.9211E-01	-3.4493E-01
3.7505E-01	5.4954E-01	5.6405E-01	-3.9316E-01	-3.4623E-01
3.7703E-01	5.5237E-01	5.6668E-01	-3.9420E-01	-3.4752E-01
3.7902E-01	5.5519E-01	5.6931E-01	-3.9523E-01	-3.4881E-01
3.8100E-01	5.5801E-01	5.7194E-01	-3.9626E-01	-3.5010E-01
3.8299E-01	5.6083E-01	5.7456E-01	-3.9728E-01	-3.5139E-01
3.8497E-01	5.6364E-01	5.7718E-01	-3.9829E-01	-3.5267E-01
3.8695E-01	5.6645E-01	5.7980E-01	-3.9931E-01	-3.5395E-01
3.8894E-01	5.6925E-01	5.8241E-01	-4.0031E-01	-3.5522E-01
3.9092E-01	5.7204E-01	5.8502E-01	-4.0131E-01	-3.5649E-01
3.9291E-01	5.7484E-01	5.8762E-01	-4.0230E-01	-3.5776E-01
3.9489E-01	5.7762E-01	5.9023E-01	-4.0329E-01	-3.5902E-01
3.9687E-01	5.8040E-01	5.9282E-01	-4.0427E-01	-3.6028E-01
3.9886E-01	5.8318E-01	5.9542E-01	-4.0525E-01	-3.6153E-01
4.0084E-01	5.8595E-01	5.9801E-01	-4.0622E-01	-3.6278E-01
4.0283E-01	5.8871E-01	6.0059E-01	-4.0718E-01	-3.6403E-01
4.0481E-01	5.9147E-01	6.0317E-01	-4.0814E-01	-3.6527E-01
4.0679E-01	5.9423E-01	6.0575E-01	-4.0909E-01	-3.6650E-01
4.0878E-01	5.9697E-01	6.0832E-01	-4.1003E-01	-3.6773E-01
4.1076E-01	5.9971E-01	6.1088E-01	-4.1097E-01	-3.6896E-01
4.1275E-01	6.0245E-01	6.1344E-01	-4.1190E-01	-3.7018E-01
4.1473E-01	6.0518E-01	6.1600E-01	-4.1282E-01	-3.7139E-01
4.1671E-01	6.0790E-01	6.1855E-01	-4.1374E-01	-3.7260E-01
4.1870E-01	6.1061E-01	6.2110E-01	-4.1465E-01	-3.7380E-01
4.2068E-01	6.1332E-01	6.2364E-01	-4.1556E-01	-3.7500E-01
4.2267E-01	6.1602E-01	6.2617E-01	-4.1645E-01	-3.7619E-01
4.2465E-01	6.1872E-01	6.2870E-01	-4.1734E-01	-3.7738E-01
4.2663E-01	6.2141E-01	6.3123E-01	-4.1822E-01	-3.7855E-01
4.2862E-01	6.2409E-01	6.3375E-01	-4.1910E-01	-3.7973E-01
4.3060E-01	6.2676E-01	6.3626E-01	-4.1996E-01	-3.8089E-01
4.3259E-01	6.2943E-01	6.3877E-01	-4.2082E-01	-3.8205E-01
4.3457E-01	6.3209E-01	6.4127E-01	-4.2167E-01	-3.8320E-01
4.3655E-01	6.3474E-01	6.4377E-01	-4.2252E-01	-3.8435E-01
4.3854E-01	6.3738E-01	6.4626E-01	-4.2335E-01	-3.8548E-01
4.4052E-01	6.4002E-01	6.4874E-01	-4.2418E-01	-3.8661E-01
4.4251E-01	6.4265E-01	6.5122E-01	-4.2500E-01	-3.8773E-01
4.4449E-01	6.4527E-01	6.5369E-01	-4.2581E-01	-3.8885E-01
4.4647E-01	6.4788E-01	6.5616E-01	-4.2661E-01	-3.8995E-01
4.4846E-01	6.5049E-01	6.5861E-01	-4.2740E-01	-3.9105E-01
4.5044E-01	6.5308E-01	6.6107E-01	-4.2818E-01	-3.9214E-01
4.5242E-01	6.5567E-01	6.6351E-01	-4.2896E-01	-3.9322E-01
4.5441E-01	6.5825E-01	6.6595E-01	-4.2972E-01	-3.9429E-01
4.5639E-01	6.6082E-01	6.6838E-01	-4.3048E-01	-3.9535E-01
4.5838E-01	6.6339E-01	6.7081E-01	-4.3122E-01	-3.9640E-01
4.6036E-01	6.6594E-01	6.7323E-01	-4.3196E-01	-3.9744E-01
4.6234E-01	6.6849E-01	6.7564E-01	-4.3269E-01	-3.9847E-01
4.6433E-01	6.7103E-01	6.7804E-01	-4.3340E-01	-3.9949E-01
4.6631E-01	6.7355E-01	6.8044E-01	-4.3410E-01	-4.0050E-01
4.6830E-01	6.7607E-01	6.8283E-01	-4.3480E-01	-4.0150E-01
4.7028E-01	6.7859E-01	6.8521E-01	-4.3548E-01	-4.0249E-01
4.7226E-01	6.8109E-01	6.8759E-01	-4.3615E-01	-4.0347E-01
4.7425E-01	6.8358E-01	6.8996E-01	-4.3681E-01	-4.0444E-01
4.7623E-01	6.8607E-01	6.9232E-01	-4.3746E-01	-4.0539E-01
4.7822E-01	6.8854E-01	6.9467E-01	-4.3810E-01	-4.0633E-01
4.8020E-01	6.9101E-01	6.9702E-01	-4.3873E-01	-4.0726E-01
4.8218E-01	6.9346E-01	6.9935E-01	-4.3934E-01	-4.0818E-01
4.8417E-01	6.9591E-01	7.0168E-01	-4.3994E-01	-4.0909E-01
4.8615E-01	6.9835E-01	7.0401E-01	-4.4053E-01	-4.0998E-01
4.8814E-01	7.0077E-01	7.0632E-01	-4.4110E-01	-4.1085E-01
4.9012E-01	7.0319E-01	7.0863E-01	-4.4167E-01	-4.1172E-01
4.9210E-01	7.0560E-01	7.1093E-01	-4.4221E-01	-4.1257E-01
4.9409E-01	7.0800E-01	7.1322E-01	-4.4275E-01	-4.1340E-01
4.9607E-01	7.1039E-01	7.1550E-01	-4.4327E-01	-4.1423E-01
4.9806E-01	7.1277E-01	7.1777E-01	-4.4378E-01	-4.1503E-01
5.0004E-01	7.1514E-01	7.2004E-01	-4.4427E-01	-4.1582E-01
5.0202E-01	7.1750E-01	7.2230E-01	-4.4474E-01	-4.1660E-01
5.0401E-01	7.1985E-01	7.2455E-01	-4.4521E-01	-4.1736E-01
5.0599E-01	7.2220E-01	7.2679E-01	-4.4565E-01	-4.1810E-01
5.0798E-01	7.2453E-01	7.2902E-01	-4.4608E-01	-4.1882E-01
5.0996E-01	7.2685E-01	7.3125E-01	-4.4650E-01	-4.1953E-01
5.1194E-01	7.2916E-01	7.3346E-01	-4.4690E-01	-4.2022E-01
5.1393E-01	7.3146E-01	7.3567E-01	-4.4728E-01	-4.2090E-01
5.1591E-01	7.3375E-01	7.3787E-01	-4.4764E-01	-4.2155E-01
5.1790E-01	7.3603E-01	7.4006E-01	-4.4799E-01	-4.2219E-01
5.1988E-01	7.3830E-01	7.4224E-01	-4.4832E-01	-4.2281E-01
5.2186E-01	7.4056E-01	7.4441E-01	-4.4863E-01	-4.2341E-01
5.2385E-01	7.4281E-01	7.4658E-01	-4.4892E-01	-4.2399E-01
5.2583E-01	7.4505E-01	7.4873E-01	-4.4920E-01	-4.2455E-01
5.2782E-01	7.4728E-01	7.5088E-01	-4.4945E-01	-4.2508E-01
5.2980E-01	7.4950E-01	7.5302E-01	-4.4969E-01	-4.2560E-01
5.3178E-01	7.5171E-01	7.5514E-01	-4.4990E-01	-4.2610E-01
5.3377E-01	7.5391E-01	7.5726E-01	-4.5010E-01	-4.2657E-01
5.3575E-01	7.5610E-01	7.5938E-01	-4.5027E-01	-4.2703E-01
5.3774E-01	7.5828E-01	7.6148E-01	-4.5043E-01	-4.2746E-01
5.3972E-01	7.6044E-01	7.6357E-01	-4.5056E-01	-4.2787E-01
5.4170E-01	7.6260E-01	7.6565E-01	-4.5067E-01	-4.2825E-01
5.4369E-01	7.6475E-01	7.6773E-01	-4.5076E-01	-4.2861E-01
5.4567E-01	7.6689E-01	7.6979E-01	-4.5082E-01	-4.2895E-01
5.4766E-01	7.6901E-01	7.7185E-01	-4.5086E-01	-4.2926E-01
5.4964E-01	7.7113E-01	7.7390E-01	-4.5088E-01	-4.2955E-01
5.5162E-01	7.7323E-01	7.7594E-01	-4.5087E-01	-4.2981E-01
5.5361E-01	7.7533E-01	7.7796E-01	-4.5084E-01	-4.3004E-01
5.5559E-01	7.7741E-01	7.7998E-01	-4.5079E-01	-4.3025E-01
5.5758E-01	7.7949E-01	7.8199E-01	-4.5071E-01	-4.3043E-01
5.5956E-01	7.8155E-01	7.8399E-01	-4.5060E-01	-4.3058E-01
5.6154E-01	7.8360E-01	7.8599E-01	-4.5047E-01	-4.3071E-01
5.6353E-01	7.8564E-01	7.8797E-01	-4.5031E-01	-4.3081E-01
5.6551E-01	7.8768E-01	7.8994E-01	-4.5012E-01	-4.3087E-01
5.6749E-01	7.8970E-01	7.9191E-01	-4.4990E-01	-4.3091E-01
5.6948E-01	7.9171E-01	7.9386E-01	-4.4966E-01	-4.3092E-01
5.7146E-01	7.9371E-01	7.9580E-01	-4.4939E-01	-4.3090E-01
5.7345E-01	7.9570E-01	7.9774E-01	-4.4909E-01	-4.3084E-01
5.7543E-01	7.9768E-01	7.9967E-01	-4.4875E-01	-4.3076E-01
5.7741E-01	7.9965E-01	8.0158E-01	-4.4839E-01	-4.3064E-01
5.7940E-01	8.0160E-01	8.0349E-01	-4.4800E-01	-4.3049E-01
5.8138E-01	8.0355E-01	8.0539E-01	-4.4757E-01	-4.3030E-01
5.8337E-01	8.0549E-01	8.0728E-01	-4.4711E-01	-4.3008E-01
5.8535E-01	8.0742E-01	8.0915E-01	-4.4662E-01	-4.2983E-01
5.8733E-01	8.0933E-01	8.1102E-01	-4.4610E-01	-4.2954E-01
5.8932E-01	8.1124E-01	8.1288E-01	-4.4554E-01	-4.2922E-01
5.9130E-01	8.1313E-01	8.1473E-01	-4.4494E-01	-4.2886E-01
5.9329E-01	8.1502E-01	8.1657E-01	-4.4432E-01	-4.2846E-01
5.9527E-01	8.1689E-01	8.1841E-01	-4.4365E-01	-4.2802E-01
5.9725E-01	8.1876E-01	8.2023E-01	-4.4295E-01	-4.2755E-01
5.9924E-01	8.2061E-01	8.2204E-01	-4.4221E-01	-4.2703E-01
6.0122E-01	8.2245E-01	8.2384E-01	-4.4144E-01	-4.2648E-01
6.0321E-01	8.2428E-01	8.2564E-01	-4.4062E-01	-4.2589E-01
6.0519E-01	8.2611E-01	8.2742E-01	-4.3977E-01	-4.2525E-01
6.0717E-01	8.2792E-01	8.2919E-01	-4.3888E-01	-4.2458E-01
6.0916E-01	8.2972E-01	8.3096E-01	-4.3795E-01	-4.2386E-01
6.1114E-01	8.3151E-01	8.3271E-01	-4.3697E-01	-4.2310E-01
6.1313E-01	8.3329E-01	8.3446E-01	-4.3596E-01	-4.2230E-01
6.1511E-01	8.3506E-01	8.3619E-01	-4.3490E-01	-4.2145E-01
6.1709E-01	8.3682E-01	8.3792E-01	-4.3380E-01	-4.2055E-01
6.1908E-01	8.3857E-01	8.3964E-01	-4.3265E-01	-4.1961E-01
6.2106E-01	8.4031E-01	8.4134E-01	-4.3146E-01	-4.1863E-01
6.2305E-01	8.4204E-01	8.4304E-01	-4.3022E-01	-4.1759E-01
6.2503E-01	8.4375E-01	8.4473E-01	-4.2894E-01	-4.1651E-01
6.2701E-01	8.4546E-01	8.4641E-01	-4.2761E-01	-4.1538E-01
6.2900E-01	8.4716E-01	8.4808E-01	-4.2624E-01	-4.1420E-01
6.3098E-01	8.4885E-01	8.4974E-01	-4.2481E-01	-4.1297E-01
6.3297E-01	8.5053E-01	8.5139E-01	-4.2334E-01	-4.1169E-01
6.3495E-01	8.5219E-01	8.5303E-01	-4.2181E-01	-4.1035E-01
6.3693E-01	8.5385E-01	8.5466E-01	-4.2024E-01	-4.0897E-01
6.3892E-01	8.5550E-01	8.5628E-01	-4.1861E-01	-4.0753E-01
6.4090E-01	8.5713E-01	8.5789E-01	-4.1693E-01	-4.0603E-01
6.4289E-01	8.5876E-01	8.5949E-01	-4.1520E-01	-4.0448E-01
6.4487E-01	8.6037E-01	8.6109E-01	-4.1341E-01	-4.0288E-01
6.4685E-01	8.6198E-01	8.6267E-01	-4.1157E-01	-4.0121E-01
6.4884E-01	8.6358E-01	8.6424E-01	-4.0967E-01	-3.9949E-01
6.5082E-01	8.6516E-01	8.6581E-01	-4.0771E-01	-3.9771E-01
6.5281E-01	8.6674E-01	8.6736E-01	-4.0570E-01	-3.9588E-01
6.5479E-01	8.6831E-01	8.6891E-01	-4.0363E-01	-3.9398E-01
6.5677E-01	8.6986E-01	8.7044E-01	-4.0150E-01	-3.9202E-01
6.5876E-01	8.7141E-01	8.7197E-01	-3.9931E-01	-3.9000E-01
6.6074E-01	8.7294E-01	8.7349E-01	-3.9706E-01	-3.8791E-01
6.6273E-01	8.7447E-01	8.7500E-01	-3.9474E-01	-3.8576E-01
6.6471E-01	8.7599E-01	8.7649E-01	-3.9237E-01	-3.8355E-01
6.6669E-01	8.7749E-01	8.7798E-01	-3.8992E-01	-3.8127E-01
6.6868E-01	8.7899E-01	8.7946E-01	-3.8742E-01	-3.7892E-01
6.7066E-01	8.8047E-01	8.8093E-01	-3.8485E-01	-3.7651E-01
6.7265E-01	8.8195E-01	8.8239E-01	-3.8221E-01	-3.7402E-01
6.7463E-01	8.8342E-01	8.8384E-01	-3.7950E-01	-3.7147E-01
6.7661E-01	8.8487E-01	8.8529E-01	-3.7672E-01	-3.6885E-01
6.7860E-01	8.8632E-01	8.8672E-01	-3.7388E-01	-3.6615E-01
6.8058E-01	8.8776E-01	8.8814E-01	-3.7096E-01	-3.6339E-01
6.8257E-01	8.8919E-01	8.8955E-01	-3.6797E-01	-3.6054E-01
6.8455E-01	8.9060E-01	8.9096E-01	-3.6491E-01	-3.5763E-01
6.8653E-01	8.9201E-01	8.9235E-01	-3.6177E-01	-3.5464E-01
6.8852E-01	8.9341E-01	8.9374E-01	-3.5856E-01	-3.5157E-01
6.9050E-01	8.9480E-01	8.9512E-01	-3.5528E-01	-3.4842E-01
6.9249E-01	8.9618E-01	8.9648E-01	-3.5191E-01	-3.4520E-01
6.9447E-01	8.9755E-01	8.9784E-01	-3.4847E-01	-3.4189E-01
6.9645E-01	8.9891E-01	8.9919E-01	-3.4495E-01	-3.3851E-01
6.9844E-01	9.0026E-01	9.0053E-01	-3.4135E-01	-3.3504E-01
7.0042E-01	9.0160E-01	9.0186E-01	-3.3766E-01	-3.3149E-01
7.0240E-01	9.0293E-01	9.0318E-01	-3.3390E-01	-3.2786E-01
7.0439E-01	9.0425E-01	9.0449E-01	-3.3005E-01	-3.2414E-01
7.0637E-01	9.0556E-01	9.0579E-01	-3.2611E-01	-3.2033E-01
7.0836E-01	9.0686E-01	9.0708E-01	-3.2209E-01	-3.1644E-01
7.1034E-01	9.0815E-01	9.0837E-01	-3.1799E-01	-3.1245E-01
7.1232E-01	9.0944E-01	9.0964E-01	-3.1379E-01	-3.0838E-01
7.1431E-01	9.1071E-01	9.1091E-01	-3.0951E-01	-3.0422E-01
7.1629E-01	9.1197E-01	9.1216E-01	-3.0513E-01	-2.9996E-01
7.1828E-01	9.1323E-01	9.1341E-01	-3.0067E-01	-2.9562E-01
7.2026E-01	9.1447E-01	9.1465E-01	-2.9611E-01	-2.9118E-01
7.2224E-01	9.1571E-01	9.1588E-01	-2.9146E-01	-2.8664E-01
7.2423E-01	9.1694E-01	9.1709E-01	-2.8671E-01	-2.8201E-01
7.2621E-01	9.1815E-01	9.1830E-01	-2.8187E-01	-2.7727E-01
7.2820E-01	9.1936E-01	9.1951E-01	-2.7693E-01	-2.7245E-01
7.3018E-01	9.2056E-01	9.2070E-01	-2.7189E-01	-2.6752E-01
7.3216E-01	9.2175E-01	9.2188E-01	-2.6675E-01	-2.6249E-01
7.3415E-01	9.2292E-01	9.2305E-01	-2.6151E-01	-2.5735E-01
7.3613E-01	9.2409E-01	9.2422E-01	-2.5617E-01	-2.5212E-01
7.3812E-01	9.2526E-01	9.2537E-01	-2.5073E-01	-2.4678E-01
7.4010E-01	9.2641E-01	9.2652E-01	-2.4518E-01	-2.4133E-01
7.4208E-01	9.2755E-01	9.2766E-01	-2.3953E-01	-2.3578E-01
7.4407E-01	9.2868E-01	9.2878E-01	-2.3378E-01	-2.3012E-01
7.4605E-01	9.2980E-01	9.2990E-01	-2.2791E-01	-2.2436E-01
7.4804E-01	9.3092E-01	9.3101E-01	-2.2194E-01	-2.1848E-01
7.5002E-01	9.3202E-01	9.3211E-01	-2.1586E-01	-2.1249E-01
7.5200E-01	9.3312E-01	9.3320E-01	-2.0966E-01	-2.0639E-01
7.5399E-01	9.3421E-01	9.3429E-01	-2.0336E-01	-2.0018E-01
7.5597E-01	9.3528E-01	9.3536E-01	-1.9694E-01	-1.9385E-01
7.5796E-01	9.3635E-01	9.3642E-01	-1.9041E-01	-1.8741E-01
7.5994E-01	9.3741E-01	9.3748E-01	-1.8377E-01	-1.8085E-01
7.6192E-01	9.3846E-01	9.3853E-01	-1.7700E-01	-1.7417E-01
7.6391E-01	9.3950E-01	9.3956E-01	-1.7013E-01	-1.6738E-01
7.6589E-01	9.4053E-01	9.4059E-01	-1.6313E-01	-1.6047E-01
7.6788E-01	9.4155E-01	9.4161E-01	-1.5602E-01	-1.5343E-01
7.6986E-01	9.4257E-01	9.4262E-01	-1.4878E-01	-1.4628E-01
7.7184E-01	9.4357E-01	9.4362E-01	-1.4143E-01	-1.3900E-01
7.7383E-01	9.4457E-01	9.4461E-01	-1.3396E-01	-1.3161E-01
7.7581E-01	9.4555E-01	9.4560E-01	-1.2636E-01	-1.2408E-01
7.7780E-01	9.4653E-01	9.4657E-01	-1.1864E-01	-1.1644E-01
7.7978E-01	9.4750E-01	9.4754E-01	-1.1080E-01	-1.0867E-01
7.8176E-01	9.4845E-01	9.4849E-01	-1.0283E-01	-1.0077E-01
7.8375E-01	9.4940E-01	9.4944E-01	-9.4735E-02	-9.2746E-02
7.8573E-01	9.5034E-01	9.5038E-01	-8.6516E-02	-8.4595E-02
7.8772E-01	9.5127E-01	9.5131E-01	-7.8171E-02	-7.6317E-02
7.8970E-01	9.5220E-01	9.5223E-01	-6.9699E-02	-6.7910E-02
7.9168E-01	9.5311E-01	9.5314E-01	-6.1100E-02	-5.9375E-02
7.9367E-01	9.5401E-01	9.5404E-01	-5.2373E-02	-5.0710E-02
7.9565E-01	9.5491E-01	9.5494E-01	-4.3517E-02	-4.1915E-02
7.9764E-01	9.5580E-01	9.5582E-01	-3.4533E-02	-3.2991E-02
7.9962E-01	9.5667E-01	9.5670E-01	-2.5420E-02	-2.3936E-02
8.0160E-01	9.5754E-01	9.5756E-01	-1.6178E-02	-1.4751E-02
8.0359E-01	9.5840E-01	9.5842E-01	-6.8060E-03	-5.4348E-03
8.0557E-01	9.5925E-01	9.5927E-01	2.6948E-03	4.0117E-03
8.0756E-01	9.6009E-01	9.6011E-01	1.2325E-02	1.3589E-02
8.0954E-01	9.6092E-01	9.6094E-01	2.2084E-02	2.3297E-02
8.1152E-01	9.6175E-01	9.6176E-01	3.1973E-02	3.3135E-02
8.1351E-01	9.6256E-01	9.6257E-01	4.1990E-02	4.3103E-02
8.1549E-01	9.6337E-01	9.6338E-01	5.2136E-02	5.3202E-02
8.1747E-01	9.6416E-01	9.6417E-01	6.2410E-02	6.3429E-02
8.1946E-01	9.6495E-01	9.6496E-01	7.2811E-02	7.3786E-02
8.2144E-01	9.6573E-01	9.6574E-01	8.3340E-02	8.4270E-02
8.2343E-01	9.6650E-01	9.6651E-01	9.3994E-02	9.4882E-02
8.2541E-01	9.6726E-01	9.6727E-01	1.0477E-01	1.0562E-01
8.2739E-01	9.6801E-01	9.6802E-01	1.1568E-01	1.1648E-01
8.2938E-01	9.6875E-01	9.6876E-01	1.2671E-01	1.2747E-01
8.3136E-01	9.6948E-01	9.6949E-01	1.3785E-01	1.3858E-01
8.3335E-01	9.7021E-01	9.7022E-01	1.4912E-01	1.4982E-01
8.3533E-01	9.7093E-01	9.7093E-01	1.6051E-01	1.6117E-01
8.3731E-01	9.7163E-01	9.7164E-01	1.7202E-01	1.7264E-01
8.3930E-01	9.7233E-01	9.7234E-01	1.8364E-01	1.8423E-01
8.4128E-01	9.7302E-01	9.7303E-01	1.9538E-01	1.9594E-01
8.4327E-01	9.7370E-01	9.7371E-01	2.0722E-01	2.0775E-01
8.4525E-01	9.7437E-01	9.7438E-01	2.1918E-01	2.1968E-01
8.4723E-01	9.7504E-01	9.7504E-01	2.3125E-01	2.3172E-01
8.4922E-01	9.7569E-01	9.7569E-01	2.4341E-01	2.4386E-01
8.5120E-01	9.7633E-01	9.7634E-01	2.5568E-01	2.5610E-01
8.5319E-01	9.7697E-01	9.7697E-01	2.6805E-01	2.6845E-01
8.5517E-01	9.7760E-01	9.7760E-01	2.8052E-01	2.8089E-01
8.5715E-01	9.7822E-01	9.7822E-01	2.9307E-01	2.9342E-01
8.5914E-01	9.7883E-01	9.7883E-01	3.0572E-01	3.0604E-01
8.6112E-01	9.7943E-01	9.7943E-01	3.1845E-01	3.1875E-01
8.6311E-01	9.8002E-01	9.8002E-01	3.3126E-01	3.3154E-01
8.6509E-01	9.8060E-01	9.8060E-01	3.4415E-01	3.4441E-01
8.6707E-01	9.8118E-01	9.8118E-01	3.5711E-01	3.5735E-01
8.6906E-01	9.8174E-01	9.8174E-01	3.7014E-01	3.7036E-01
8.7104E-01	9.8230E-01	9.8230E-01	3.8323E-01	3.8344E-01
8.7303E-01	9.8285E-01	9.8285E-01	3.9638E-01	3.9658E-01
8.7501E-01	9.8339E-01	9.8339E-01	4.0958E-01	4.0976E-01
8.7699E-01	9.8392E-01	9.8392E-01	4.2283E-01	4.2300E-01
8.7898E-01	9.8444E-01	9.8444E-01	4.3613E-01	4.3628E-01
8.8096E-01	9.8495E-01	9.8495E-01	4.4946E-01	4.4960E-01
8.8295E-01	9.8545E-01	9.8546E-01	4.6282E-01	4.6295E-01
8.8493E-01	9.8595E-01	9.8595E-01	4.7620E-01	4.7632E-01
8.8691E-01	9.8644E-01	9.8644E-01	4.8960E-01	4.8971E-01
8.8890E-01	9.8691E-01	9.8691E-01	5.0301E-01	5.0311E-01
8.9088E-01	9.8738E-01	9.8738E-01	5.1643E-01	5.1652E-01
8.9287E-01	9.8784E-01	9.8784E-01	5.2984E-01	5.2992E-01
8.9485E-01	9.8830E-01	9.8830E-01	5.4324E-01	5.4332E-01
8.9683E-01	9.8874E-01	9.8874E-01	5.5662E-01	5.5669E-01
8.9882E-01	9.8917E-01	9.8917E-01	5.6998E-01	5.7004E-01
9.0080E-01	9.8960E-01	9.8960E-01	5.8330E-01	5.8335E-01
9.0279E-01	9.9002E-01	9.9002E-01	5.9657E-01	5.9662E-01
9.0477E-01	9.9042E-01	9.9042E-01	6.0980E-01	6.0984E-01
9.0675E-01	9.9082E-01	9.9082E-01	6.2296E-01	6.2300E-01
9.0874E-01	9.9121E-01	9.9121E-01	6.3606E-01	6.3609E-01
9.1072E-01	9.9160E-01	9.9160E-01	6.4907E-01	6.4910E-01
9.1271E-01	9.9197E-01	9.9197E-01	6.6200E-01	6.6203E-01
9.1469E-01	9.9233E-01	9.9233E-01	6.7483E-01	6.7486E-01
9.1667E-01	9.9269E-01	9.9269E-01	6.8756E-01	6.8758E-01
9.1866E-01	9.9304E-01	9.9304E-01	7.0017E-01	7.0019E-01
9.2064E-01	9.9338E-01	9.9338E-01	7.1265E-01	7.1267E-01
9.2263E-01	9.9371E-01	9.9371E-01	7.2500E-01	7.2501E-01
9.2461E-01	9.9403E-01	9.9403E-01	7.3720E-01	7.3721E-01
9.2659E-01	9.9434E-01	9.9434E-01	7.4925E-01	7.4926E-01
9.2858E-01	9.9465E-01	9.9465E-01	7.6113E-01	7.6113E-01
9.3056E-01	9.9494E-01	9.9494E-01	7.7283E-01	7.7284E-01
9.3255E-01	9.9523E-01	9.9523E-01	7.8435E-01	7.8435E-01
9.3453E-01	9.9551E-01	9.9551E-01	7.9566E-01	7.9567E-01
9.3651E-01	9.9578E-01	9.9578E-01	8.0678E-01	8.0678E-01
9.3850E-01	9.9604E-01	9.9604E-01	8.1767E-01	8.1768E-01
9.4048E-01	9.9630E-01	9.9630E-01	8.2834E-01	8.2834E-01
9.4246E-01	9.9654E-01	9.9654E-01	8.3877E-01	8.3877E-01
9.4445E-01	9.9678E-01	9.9678E-01	8.4895E-01	8.4895E-01
9.4643E-01	9.9700E-01	9.9700E-01	8.5888E-01	8.5888E-01
9.4842E-01	9.9722E-01	9.9722E-01	8.6854E-01	8.6854E-01
9.5040E-01	9.9743E-01	9.9744E-01	8.7792E-01	8.7792E-01
9.5238E-01	9.9764E-01	9.9764E-01	8.8701E-01	8.8701E-01
9.5437E-01	9.9783E-01	9.9783E-01	8.9581E-01	8.9581E-01
9.5635E-01	9.9802E-01	9.9802E-01	9.0431E-01	9.0431E-01
9.5834E-01	9.9819E-01	9.9819E-01	9.1249E-01	9.1249E-01
9.6032E-01	9.9836E-01	9.9836E-01	9.2035E-01	9.2035E-01
9.6230E-01	9.9852E-01	9.9852E-01	9.2788E-01	9.2788E-01
9.6429E-01	9.9868E-01	9.9868E-01	9.3507E-01	9.3507E-01
9.6627E-01	9.9882E-01	9.9882E-01	9.4192E-01	9.4192E-01
9.6826E-01	9.9896E-01	9.9896E-01	9.4841E-01	9.4841E-01
9.7024E-01	9.9908E-01	9.9908E-01	9.5455E-01	9.5455E-01
9.7222E-01	9.9920E-01	9.9920E-01	9.6032E-01	9.6032E-01
9.7421E-01	9.9931E-01	9.9931E-01	9.6571E-01	9.6571E-01
9.7619E-01	9.9941E-01	9.9941E-01	9.7073E-01	9.7073E-01
9.7818E-01	9.9951E-01	9.9951E-01	9.7536E-01	9.7536E-01
9.8016E-01	9.9959E-01	9.9959E-01	9.7961E-01	9.7961E-01
9.8214E-01	9.9967E-01	9.9967E-01	9.8346E-01	9.8346E-01
9.8413E-01	9.9974E-01	9.9974E-01	9.8692E-01	9.8692E-01
9.8611E-01	9.9980E-01	9.9980E-01	9.8998E-01	9.8998E-01
9.8810E-01	9.9985E-01	9.9985E-01	9.9263E-01	9.9263E-01
9.9008E-01	9.9990E-01	9.9990E-01	9.9488E-01	9.9488E-01
9.9206E-01	9.9994E-01	9.9994E-01	9.9673E-01	9.9673E-01
9.9405E-01	9.9996E-01	9.9996E-01	9.9816E-01	9.9816E-01
9.9603E-01	9.9998E-01	9.9998E-01	9.9916E-01	9.9916E-01
9.9802E-01	1.0000E+00	1.0000E+00	9.9977E-01	9.9977E-01
