 0.4100000    
 0.3824582    
 0.6509190    
 0.9292459E-01
 0.7450278    
 -.3333333    
 0.4200000    
 0.3718855    
 0.6597481    
 0.1030048    
 0.7520762    
 -.3333334    
 0.4300000    
 0.3615303    
 0.6684372    
 0.1132157    
 0.7589799    
 -.3333334    
 0.4400000    
 0.3513863    
 0.6769891    
 0.1235593    
 0.7657425    
 -.3333333    
 0.4500000    
 0.3414473    
 0.6854069    
 0.1340379    
 0.7723685    
 -.3333334    
 0.4600000    
 0.3317079    
 0.6936932    
 0.1446535    
 0.7788615    
 -.3333333    
 0.4700000    
 0.3221625    
 0.7018507    
 0.1554083    
 0.7852250    
 -.3333332    
 0.4800000    
 0.3128057    
 0.7098820    
 0.1663046    
 0.7914629    
 -.3333333    
 0.4900000    
 0.3036326    
 0.7177895    
 0.1773446    
 0.7975784    
 -.3333334    
 0.5000000    
 0.2946381    
 0.7255759    
 0.1885307    
 0.8035747    
 -.3333334    
 0.5100000    
 0.2858175    
 0.7332434    
 0.1998651    
 0.8094551    
 -.3333334    
 0.5200000    
 0.2771664    
 0.7407944    
 0.2113504    
 0.8152225    
 -.3333333    
 0.5300000    
 0.2686802    
 0.7482312    
 0.2229889    
 0.8208799    
 -.3333334    
 0.5400000    
 0.2603547    
 0.7555558    
 0.2347831    
 0.8264302    
 -.3333334    
 0.5500000    
 0.2521859    
 0.7627706    
 0.2467354    
 0.8318761    
 -.3333333    
 0.5600000    
 0.2441697    
 0.7698776    
 0.2588486    
 0.8372203    
 -.3333335    
 0.5700000    
 0.2363023    
 0.7768787    
 0.2711253    
 0.8424652    
 -.3333335    
 0.5800000    
 0.2285801    
 0.7837760    
 0.2835679    
 0.8476133    
 -.3333334    
 0.5900000    
 0.2209994    
 0.7905715    
 0.2961793    
 0.8526670    
 -.3333333    
 0.6000000    
 0.2135569    
 0.7972668    
 0.3089621    
 0.8576288    
 -.3333333    
 0.6100000    
 0.2062491    
 0.8038641    
 0.3219194    
 0.8625005    
 -.3333334    
 0.6200000    
 0.1990730    
 0.8103648    
 0.3350537    
 0.8672847    
 -.3333331    
 0.6300000    
 0.1920252    
 0.8167709    
 0.3483679    
 0.8719832    
 -.3333333    
 0.6400000    
 0.1851029    
 0.8230841    
 0.3618652    
 0.8765982    
 -.3333335    
 0.6500000    
 0.1783030    
 0.8293058    
 0.3755484    
 0.8811314    
 -.3333331    
 0.6600000    
 0.1716228    
 0.8354378    
 0.3894206    
 0.8855848    
 -.3333333    
 0.6700000    
 0.1650595    
 0.8414817    
 0.4034849    
 0.8899603    
 -.3333334    
 0.6800000    
 0.1586106    
 0.8474389    
 0.4177443    
 0.8942596    
 -.3333334    
 0.6900000    
 0.1522732    
 0.8533109    
 0.4322023    
 0.8984845    
 -.3333333    
 0.7000000    
 0.1460451    
 0.8590993    
 0.4468618    
 0.9026366    
 -.3333334    
 0.7100000    
 0.1399238    
 0.8648053    
 0.4617262    
 0.9067174    
 -.3333334    
 0.7200000    
 0.1339070    
 0.8704305    
 0.4767990    
 0.9107286    
 -.3333334    
 0.7300000    
 0.1279923    
 0.8759761    
 0.4920836    
 0.9146718    
 -.3333334    
 0.7400000    
 0.1221777    
 0.8814435    
 0.5075833    
 0.9185482    
 -.3333333    
 0.7500000    
 0.1164608    
 0.8868340    
 0.5233017    
 0.9223594    
 -.3333333    
 0.7600000    
 0.1108398    
 0.8921488    
 0.5392424    
 0.9261069    
 -.3333334    
 0.7700000    
 0.1053125    
 0.8973891    
 0.5554089    
 0.9297917    
 -.3333334    
 0.7800000    
 0.9987700E-01
 0.9025561    
 0.5718051    
 0.9334154    
 -.3333337    
 0.7900000    
 0.9453153E-01
 0.9076509    
 0.5884346    
 0.9369790    
 -.3333330    
 0.8000000    
 0.8927403E-01
 0.9126750    
 0.6053011    
 0.9404841    
 -.3333340    
 0.8100000    
 0.8410286E-01
 0.9176291    
 0.6224089    
 0.9439315    
 -.3333335    
 0.8200000    
 0.7901622E-01
 0.9225144    
 0.6397614    
 0.9473225    
 -.3333335    
 0.8300000    
 0.7401247E-01
 0.9273321    
 0.6573629    
 0.9506583    
 -.3333328    
 0.8400000    
 0.6908990E-01
 0.9320832    
 0.6752173    
 0.9539400    
 -.3333337    
 0.8500000    
 0.6424704E-01
 0.9367686    
 0.6933287    
 0.9571688    
 -.3333333    
 0.8600000    
 0.5948223E-01
 0.9413894    
 0.7117013    
 0.9603453    
 -.3333330    
 0.8700000    
 0.5479398E-01
 0.9459465    
 0.7303393    
 0.9634708    
 -.3333335    
 0.8800000    
 0.5018084E-01
 0.9504409    
 0.7492469    
 0.9665463    
 -.3333340    
 0.8900000    
 0.4564141E-01
 0.9548735    
 0.7684285    
 0.9695725    
 -.3333340    
 0.9000000    
 0.4117431E-01
 0.9592452    
 0.7878884    
 0.9725505    
 -.3333330    
 0.9100000    
 0.3677815E-01
 0.9635569    
 0.8076310    
 0.9754813    
 -.3333335    
 0.9200000    
 0.3245161E-01
 0.9678096    
 0.8276611    
 0.9783657    
 -.3333325    
 0.9300000    
 0.2819342E-01
 0.9720039    
 0.8479829    
 0.9812044    
 -.3333340    
 0.9400000    
 0.2400242E-01
 0.9761409    
 0.8686011    
 0.9839986    
 -.3333330    
 0.9500000    
 0.1987724E-01
 0.9802210    
 0.8895206    
 0.9867487    
 -.3333349    
 0.9600000    
 0.1581687E-01
 0.9842455    
 0.9107456    
 0.9894555    
 -.3333359    
 0.9700000    
 0.1182008E-01
 0.9882148    
 0.9322813    
 0.9921201    
 -.3333340    
 0.9800000    
 0.7885713E-02
 0.9921298    
 0.9541324    
 0.9947430    
 -.3333359    
 0.9900000    
 0.4012728E-02
 0.9959913    
 0.9763040    
 0.9973249    
 -.3333359    
  1.000000    
 0.2000591E-03
 0.9997999    
 0.9988005    
 0.9998667    
 -.3334961    
