# According to Phys.Rev.Lett. 124 (2020) 082003, arXiv:1909.13818[hep-ph]
# A1 calculated with PDFs using LO formula
# A1, prediction 3 (green)
x	A1plower	A1pupper	A1nlower	A1nupper
1.0000E-04	-2.8344E-05	1.1157E-04	-3.8009E-04	-2.3762E-04
1.0093E-04	-2.7484E-05	1.1268E-04	-3.8259E-04	-2.3985E-04
1.0186E-04	-2.6608E-05	1.1379E-04	-3.8510E-04	-2.4210E-04
1.0280E-04	-2.5715E-05	1.1492E-04	-3.8763E-04	-2.4437E-04
1.0375E-04	-2.4806E-05	1.1606E-04	-3.9018E-04	-2.4666E-04
1.0471E-04	-2.3880E-05	1.1721E-04	-3.9275E-04	-2.4898E-04
1.0568E-04	-2.2937E-05	1.1838E-04	-3.9533E-04	-2.5131E-04
1.0666E-04	-2.1977E-05	1.1955E-04	-3.9792E-04	-2.5367E-04
1.0765E-04	-2.0999E-05	1.2074E-04	-4.0054E-04	-2.5606E-04
1.0864E-04	-2.0004E-05	1.2193E-04	-4.0317E-04	-2.5846E-04
1.0965E-04	-1.8990E-05	1.2314E-04	-4.0582E-04	-2.6089E-04
1.1066E-04	-1.7959E-05	1.2437E-04	-4.0849E-04	-2.6334E-04
1.1169E-04	-1.6909E-05	1.2560E-04	-4.1117E-04	-2.6581E-04
1.1272E-04	-1.5840E-05	1.2685E-04	-4.1387E-04	-2.6831E-04
1.1376E-04	-1.4753E-05	1.2811E-04	-4.1659E-04	-2.7083E-04
1.1482E-04	-1.3646E-05	1.2938E-04	-4.1933E-04	-2.7338E-04
1.1588E-04	-1.2521E-05	1.3066E-04	-4.2208E-04	-2.7595E-04
1.1695E-04	-1.1375E-05	1.3196E-04	-4.2486E-04	-2.7854E-04
1.1803E-04	-1.0210E-05	1.3327E-04	-4.2765E-04	-2.8116E-04
1.1912E-04	-9.0244E-06	1.3460E-04	-4.3046E-04	-2.8381E-04
1.2023E-04	-7.8185E-06	1.3594E-04	-4.3329E-04	-2.8648E-04
1.2134E-04	-6.5921E-06	1.3729E-04	-4.3613E-04	-2.8917E-04
1.2246E-04	-5.3448E-06	1.3865E-04	-4.3900E-04	-2.9189E-04
1.2359E-04	-4.0762E-06	1.4003E-04	-4.4188E-04	-2.9464E-04
1.2474E-04	-2.7864E-06	1.4142E-04	-4.4479E-04	-2.9741E-04
1.2589E-04	-1.4747E-06	1.4283E-04	-4.4771E-04	-3.0021E-04
1.2706E-04	-1.4116E-07	1.4425E-04	-4.5065E-04	-3.0304E-04
1.2823E-04	1.2149E-06	1.4568E-04	-4.5361E-04	-3.0589E-04
1.2942E-04	2.5933E-06	1.4713E-04	-4.5659E-04	-3.0877E-04
1.3062E-04	3.9944E-06	1.4860E-04	-4.5959E-04	-3.1168E-04
1.3183E-04	5.4189E-06	1.5008E-04	-4.6261E-04	-3.1461E-04
1.3305E-04	6.8666E-06	1.5157E-04	-4.6565E-04	-3.1758E-04
1.3428E-04	8.3381E-06	1.5308E-04	-4.6871E-04	-3.2057E-04
1.3552E-04	9.8337E-06	1.5460E-04	-4.7179E-04	-3.2359E-04
1.3677E-04	1.1353E-05	1.5614E-04	-4.7488E-04	-3.2664E-04
1.3804E-04	1.2898E-05	1.5770E-04	-4.7800E-04	-3.2972E-04
1.3932E-04	1.4467E-05	1.5927E-04	-4.8114E-04	-3.3283E-04
1.4060E-04	1.6062E-05	1.6085E-04	-4.8430E-04	-3.3596E-04
1.4191E-04	1.7682E-05	1.6246E-04	-4.8748E-04	-3.3913E-04
1.4322E-04	1.9328E-05	1.6408E-04	-4.9069E-04	-3.4233E-04
1.4454E-04	2.1000E-05	1.6571E-04	-4.9391E-04	-3.4556E-04
1.4588E-04	2.2699E-05	1.6736E-04	-4.9715E-04	-3.4882E-04
1.4723E-04	2.4424E-05	1.6903E-04	-5.0042E-04	-3.5211E-04
1.4859E-04	2.6177E-05	1.7072E-04	-5.0371E-04	-3.5543E-04
1.4997E-04	2.7957E-05	1.7242E-04	-5.0701E-04	-3.5878E-04
1.5136E-04	2.9766E-05	1.7414E-04	-5.1034E-04	-3.6217E-04
1.5276E-04	3.1602E-05	1.7587E-04	-5.1370E-04	-3.6559E-04
1.5417E-04	3.3467E-05	1.7763E-04	-5.1707E-04	-3.6904E-04
1.5560E-04	3.5361E-05	1.7940E-04	-5.2047E-04	-3.7253E-04
1.5704E-04	3.7284E-05	1.8119E-04	-5.2388E-04	-3.7604E-04
1.5849E-04	3.9237E-05	1.8300E-04	-5.2732E-04	-3.7959E-04
1.5996E-04	4.1220E-05	1.8483E-04	-5.3079E-04	-3.8318E-04
1.6144E-04	4.3233E-05	1.8667E-04	-5.3427E-04	-3.8680E-04
1.6293E-04	4.5277E-05	1.8854E-04	-5.3778E-04	-3.9045E-04
1.6444E-04	4.7352E-05	1.9042E-04	-5.4131E-04	-3.9414E-04
1.6596E-04	4.9458E-05	1.9232E-04	-5.4487E-04	-3.9787E-04
1.6749E-04	5.1597E-05	1.9424E-04	-5.4845E-04	-4.0163E-04
1.6904E-04	5.3767E-05	1.9618E-04	-5.5205E-04	-4.0543E-04
1.7061E-04	5.5971E-05	1.9814E-04	-5.5567E-04	-4.0926E-04
1.7219E-04	5.8207E-05	2.0012E-04	-5.5932E-04	-4.1313E-04
1.7378E-04	6.0477E-05	2.0212E-04	-5.6300E-04	-4.1704E-04
1.7539E-04	6.2781E-05	2.0414E-04	-5.6669E-04	-4.2098E-04
1.7701E-04	6.5120E-05	2.0618E-04	-5.7042E-04	-4.2496E-04
1.7865E-04	6.7493E-05	2.0825E-04	-5.7416E-04	-4.2898E-04
1.8030E-04	6.9901E-05	2.1033E-04	-5.7793E-04	-4.3304E-04
1.8197E-04	7.2345E-05	2.1243E-04	-5.8173E-04	-4.3714E-04
1.8365E-04	7.4824E-05	2.1456E-04	-5.8555E-04	-4.4128E-04
1.8535E-04	7.7341E-05	2.1670E-04	-5.8939E-04	-4.4545E-04
1.8707E-04	7.9894E-05	2.1887E-04	-5.9326E-04	-4.4967E-04
1.8880E-04	8.2484E-05	2.2106E-04	-5.9716E-04	-4.5393E-04
1.9055E-04	8.5112E-05	2.2327E-04	-6.0108E-04	-4.5823E-04
1.9231E-04	8.7779E-05	2.2551E-04	-6.0503E-04	-4.6257E-04
1.9409E-04	9.0484E-05	2.2777E-04	-6.0900E-04	-4.6695E-04
1.9588E-04	9.3229E-05	2.3005E-04	-6.1300E-04	-4.7137E-04
1.9770E-04	9.6013E-05	2.3235E-04	-6.1702E-04	-4.7584E-04
1.9953E-04	9.8837E-05	2.3468E-04	-6.2107E-04	-4.8035E-04
2.0137E-04	1.0170E-04	2.3703E-04	-6.2515E-04	-4.8490E-04
2.0324E-04	1.0461E-04	2.3941E-04	-6.2926E-04	-4.8949E-04
2.0512E-04	1.0756E-04	2.4180E-04	-6.3339E-04	-4.9413E-04
2.0701E-04	1.1054E-04	2.4423E-04	-6.3755E-04	-4.9882E-04
2.0893E-04	1.1358E-04	2.4668E-04	-6.4173E-04	-5.0355E-04
2.1086E-04	1.1665E-04	2.4915E-04	-6.4595E-04	-5.0832E-04
2.1281E-04	1.1977E-04	2.5165E-04	-6.5019E-04	-5.1314E-04
2.1478E-04	1.2293E-04	2.5417E-04	-6.5446E-04	-5.1801E-04
2.1677E-04	1.2614E-04	2.5672E-04	-6.5876E-04	-5.2293E-04
2.1878E-04	1.2940E-04	2.5930E-04	-6.6308E-04	-5.2789E-04
2.2080E-04	1.3269E-04	2.6190E-04	-6.6743E-04	-5.3290E-04
2.2284E-04	1.3604E-04	2.6452E-04	-6.7182E-04	-5.3795E-04
2.2491E-04	1.3943E-04	2.6718E-04	-6.7623E-04	-5.4306E-04
2.2699E-04	1.4287E-04	2.6986E-04	-6.8067E-04	-5.4822E-04
2.2909E-04	1.4636E-04	2.7257E-04	-6.8514E-04	-5.5342E-04
2.3121E-04	1.4989E-04	2.7531E-04	-6.8964E-04	-5.5867E-04
2.3335E-04	1.5348E-04	2.7807E-04	-6.9416E-04	-5.6398E-04
2.3550E-04	1.5711E-04	2.8086E-04	-6.9872E-04	-5.6934E-04
2.3768E-04	1.6080E-04	2.8368E-04	-7.0331E-04	-5.7474E-04
2.3988E-04	1.6454E-04	2.8653E-04	-7.0793E-04	-5.8020E-04
2.4210E-04	1.6832E-04	2.8941E-04	-7.1258E-04	-5.8572E-04
2.4434E-04	1.7216E-04	2.9232E-04	-7.1726E-04	-5.9128E-04
2.4660E-04	1.7606E-04	2.9526E-04	-7.2197E-04	-5.9690E-04
2.4889E-04	1.8000E-04	2.9823E-04	-7.2671E-04	-6.0258E-04
2.5119E-04	1.8400E-04	3.0123E-04	-7.3148E-04	-6.0830E-04
2.5351E-04	1.8805E-04	3.0425E-04	-7.3628E-04	-6.1409E-04
2.5586E-04	1.9216E-04	3.0731E-04	-7.4112E-04	-6.1993E-04
2.5823E-04	1.9633E-04	3.1041E-04	-7.4598E-04	-6.2582E-04
2.6062E-04	2.0055E-04	3.1353E-04	-7.5088E-04	-6.3177E-04
2.6303E-04	2.0483E-04	3.1668E-04	-7.5581E-04	-6.3778E-04
2.6546E-04	2.0917E-04	3.1987E-04	-7.6077E-04	-6.4385E-04
2.6792E-04	2.1356E-04	3.2309E-04	-7.6577E-04	-6.4998E-04
2.7040E-04	2.1802E-04	3.2634E-04	-7.7080E-04	-6.5616E-04
2.7290E-04	2.2253E-04	3.2962E-04	-7.7586E-04	-6.6240E-04
2.7542E-04	2.2711E-04	3.3294E-04	-7.8095E-04	-6.6871E-04
2.7797E-04	2.3174E-04	3.3630E-04	-7.8608E-04	-6.7507E-04
2.8054E-04	2.3644E-04	3.3968E-04	-7.9124E-04	-6.8150E-04
2.8314E-04	2.4120E-04	3.4310E-04	-7.9644E-04	-6.8799E-04
2.8576E-04	2.4603E-04	3.4656E-04	-8.0167E-04	-6.9454E-04
2.8840E-04	2.5092E-04	3.5005E-04	-8.0693E-04	-7.0116E-04
2.9107E-04	2.5587E-04	3.5358E-04	-8.1223E-04	-7.0783E-04
2.9376E-04	2.6089E-04	3.5714E-04	-8.1757E-04	-7.1458E-04
2.9648E-04	2.6598E-04	3.6074E-04	-8.2293E-04	-7.2138E-04
2.9923E-04	2.7113E-04	3.6438E-04	-8.2834E-04	-7.2826E-04
3.0200E-04	2.7636E-04	3.6805E-04	-8.3378E-04	-7.3520E-04
3.0479E-04	2.8165E-04	3.7176E-04	-8.3925E-04	-7.4220E-04
3.0761E-04	2.8701E-04	3.7551E-04	-8.4477E-04	-7.4928E-04
3.1046E-04	2.9244E-04	3.7930E-04	-8.5031E-04	-7.5642E-04
3.1333E-04	2.9794E-04	3.8313E-04	-8.5590E-04	-7.6363E-04
3.1623E-04	3.0351E-04	3.8699E-04	-8.6152E-04	-7.7091E-04
3.1915E-04	3.0916E-04	3.9090E-04	-8.6718E-04	-7.7826E-04
3.2211E-04	3.1488E-04	3.9485E-04	-8.7287E-04	-7.8569E-04
3.2509E-04	3.2068E-04	3.9883E-04	-8.7860E-04	-7.9318E-04
3.2810E-04	3.2655E-04	4.0286E-04	-8.8437E-04	-8.0075E-04
3.3113E-04	3.3250E-04	4.0693E-04	-8.9018E-04	-8.0839E-04
3.3420E-04	3.3852E-04	4.1103E-04	-8.9603E-04	-8.1610E-04
3.3729E-04	3.4462E-04	4.1519E-04	-9.0191E-04	-8.2389E-04
3.4041E-04	3.5081E-04	4.1938E-04	-9.0784E-04	-8.3175E-04
3.4356E-04	3.5707E-04	4.2362E-04	-9.1380E-04	-8.3969E-04
3.4674E-04	3.6341E-04	4.2790E-04	-9.1980E-04	-8.4770E-04
3.4995E-04	3.6983E-04	4.3222E-04	-9.2585E-04	-8.5580E-04
3.5318E-04	3.7634E-04	4.3659E-04	-9.3193E-04	-8.6397E-04
3.5645E-04	3.8293E-04	4.4100E-04	-9.3805E-04	-8.7222E-04
3.5975E-04	3.8961E-04	4.4546E-04	-9.4421E-04	-8.8055E-04
3.6308E-04	3.9637E-04	4.4997E-04	-9.5041E-04	-8.8896E-04
3.6644E-04	4.0322E-04	4.5452E-04	-9.5666E-04	-8.9745E-04
3.6983E-04	4.1015E-04	4.5911E-04	-9.6294E-04	-9.0602E-04
3.7325E-04	4.1717E-04	4.6376E-04	-9.6927E-04	-9.1468E-04
3.7670E-04	4.2429E-04	4.6845E-04	-9.7563E-04	-9.2342E-04
3.8019E-04	4.3149E-04	4.7319E-04	-9.8204E-04	-9.3224E-04
3.8371E-04	4.3878E-04	4.7798E-04	-9.8849E-04	-9.4115E-04
3.8726E-04	4.4617E-04	4.8282E-04	-9.9499E-04	-9.5015E-04
3.9084E-04	4.5365E-04	4.8771E-04	-1.0015E-03	-9.5923E-04
3.9446E-04	4.6123E-04	4.9264E-04	-1.0081E-03	-9.6840E-04
3.9811E-04	4.6890E-04	4.9763E-04	-1.0147E-03	-9.7766E-04
4.0179E-04	4.7667E-04	5.0267E-04	-1.0214E-03	-9.8701E-04
4.0551E-04	4.8453E-04	5.0776E-04	-1.0281E-03	-9.9645E-04
4.0926E-04	4.9250E-04	5.1291E-04	-1.0349E-03	-1.0060E-03
4.1305E-04	5.0056E-04	5.1810E-04	-1.0417E-03	-1.0156E-03
4.1687E-04	5.0873E-04	5.2335E-04	-1.0485E-03	-1.0253E-03
4.2073E-04	5.1700E-04	5.2866E-04	-1.0554E-03	-1.0351E-03
4.2462E-04	5.2537E-04	5.3402E-04	-1.0623E-03	-1.0450E-03
4.2855E-04	5.3385E-04	5.3943E-04	-1.0693E-03	-1.0550E-03
4.3251E-04	5.4243E-04	5.4490E-04	-1.0763E-03	-1.0651E-03
4.3652E-04	5.5042E-04	5.5112E-04	-1.0834E-03	-1.0753E-03
4.4055E-04	5.5600E-04	5.5992E-04	-1.0905E-03	-1.0856E-03
4.4463E-04	5.6164E-04	5.6883E-04	-1.0977E-03	-1.0960E-03
4.4875E-04	5.6734E-04	5.7785E-04	-1.1065E-03	-1.1049E-03
4.5290E-04	5.7310E-04	5.8698E-04	-1.1171E-03	-1.1122E-03
4.5709E-04	5.7891E-04	5.9622E-04	-1.1278E-03	-1.1195E-03
4.6132E-04	5.8479E-04	6.0558E-04	-1.1386E-03	-1.1269E-03
4.6559E-04	5.9072E-04	6.1506E-04	-1.1495E-03	-1.1343E-03
4.6989E-04	5.9672E-04	6.2465E-04	-1.1605E-03	-1.1417E-03
4.7424E-04	6.0278E-04	6.3436E-04	-1.1716E-03	-1.1492E-03
4.7863E-04	6.0890E-04	6.4419E-04	-1.1828E-03	-1.1568E-03
4.8306E-04	6.1508E-04	6.5414E-04	-1.1942E-03	-1.1644E-03
4.8753E-04	6.2133E-04	6.6421E-04	-1.2056E-03	-1.1720E-03
4.9204E-04	6.2764E-04	6.7441E-04	-1.2172E-03	-1.1797E-03
4.9659E-04	6.3401E-04	6.8473E-04	-1.2288E-03	-1.1875E-03
5.0119E-04	6.4046E-04	6.9518E-04	-1.2406E-03	-1.1953E-03
5.0582E-04	6.4696E-04	7.0576E-04	-1.2525E-03	-1.2032E-03
5.1050E-04	6.5354E-04	7.1646E-04	-1.2645E-03	-1.2111E-03
5.1523E-04	6.6018E-04	7.2730E-04	-1.2766E-03	-1.2190E-03
5.2000E-04	6.6689E-04	7.3827E-04	-1.2889E-03	-1.2271E-03
5.2481E-04	6.7367E-04	7.4937E-04	-1.3012E-03	-1.2351E-03
5.2966E-04	6.8052E-04	7.6061E-04	-1.3137E-03	-1.2433E-03
5.3456E-04	6.8744E-04	7.7198E-04	-1.3263E-03	-1.2514E-03
5.3951E-04	6.9443E-04	7.8349E-04	-1.3390E-03	-1.2597E-03
5.4450E-04	7.0150E-04	7.9514E-04	-1.3519E-03	-1.2679E-03
5.4954E-04	7.0863E-04	8.0694E-04	-1.3648E-03	-1.2763E-03
5.5463E-04	7.1584E-04	8.1887E-04	-1.3779E-03	-1.2847E-03
5.5976E-04	7.2313E-04	8.3095E-04	-1.3911E-03	-1.2931E-03
5.6494E-04	7.3049E-04	8.4318E-04	-1.4045E-03	-1.3016E-03
5.7016E-04	7.3792E-04	8.5555E-04	-1.4180E-03	-1.3102E-03
5.7544E-04	7.4543E-04	8.6807E-04	-1.4316E-03	-1.3188E-03
5.8076E-04	7.5302E-04	8.8075E-04	-1.4453E-03	-1.3275E-03
5.8614E-04	7.6069E-04	8.9357E-04	-1.4592E-03	-1.3362E-03
5.9156E-04	7.6844E-04	9.0655E-04	-1.4732E-03	-1.3450E-03
5.9704E-04	7.7626E-04	9.1969E-04	-1.4873E-03	-1.3539E-03
6.0256E-04	7.8417E-04	9.3298E-04	-1.5016E-03	-1.3628E-03
6.0813E-04	7.9216E-04	9.4643E-04	-1.5160E-03	-1.3718E-03
6.1376E-04	8.0023E-04	9.6005E-04	-1.5306E-03	-1.3808E-03
6.1944E-04	8.0838E-04	9.7382E-04	-1.5453E-03	-1.3899E-03
6.2517E-04	8.1662E-04	9.8776E-04	-1.5601E-03	-1.3990E-03
6.3096E-04	8.2494E-04	1.0019E-03	-1.5751E-03	-1.4082E-03
6.3680E-04	8.3335E-04	1.0161E-03	-1.5902E-03	-1.4175E-03
6.4269E-04	8.4185E-04	1.0306E-03	-1.6055E-03	-1.4268E-03
6.4863E-04	8.5043E-04	1.0452E-03	-1.6209E-03	-1.4362E-03
6.5464E-04	8.5910E-04	1.0600E-03	-1.6365E-03	-1.4457E-03
6.6069E-04	8.6786E-04	1.0750E-03	-1.6522E-03	-1.4552E-03
6.6681E-04	8.7671E-04	1.0901E-03	-1.6681E-03	-1.4648E-03
6.7298E-04	8.8565E-04	1.1054E-03	-1.6841E-03	-1.4744E-03
6.7920E-04	8.9469E-04	1.1209E-03	-1.7003E-03	-1.4841E-03
6.8549E-04	9.0382E-04	1.1366E-03	-1.7166E-03	-1.4939E-03
6.9183E-04	9.1304E-04	1.1525E-03	-1.7331E-03	-1.5038E-03
6.9823E-04	9.2236E-04	1.1685E-03	-1.7498E-03	-1.5137E-03
7.0469E-04	9.3177E-04	1.1848E-03	-1.7666E-03	-1.5236E-03
7.1121E-04	9.4128E-04	1.2012E-03	-1.7836E-03	-1.5337E-03
7.1779E-04	9.5089E-04	1.2178E-03	-1.8007E-03	-1.5438E-03
7.2444E-04	9.6060E-04	1.2347E-03	-1.8180E-03	-1.5540E-03
7.3114E-04	9.7040E-04	1.2517E-03	-1.8355E-03	-1.5642E-03
7.3790E-04	9.8031E-04	1.2689E-03	-1.8531E-03	-1.5745E-03
7.4473E-04	9.9032E-04	1.2863E-03	-1.8710E-03	-1.5849E-03
7.5162E-04	1.0004E-03	1.3040E-03	-1.8889E-03	-1.5953E-03
7.5858E-04	1.0107E-03	1.3218E-03	-1.9071E-03	-1.6058E-03
7.6560E-04	1.0210E-03	1.3399E-03	-1.9254E-03	-1.6164E-03
7.7268E-04	1.0314E-03	1.3581E-03	-1.9440E-03	-1.6271E-03
7.7983E-04	1.0419E-03	1.3766E-03	-1.9626E-03	-1.6378E-03
7.8705E-04	1.0526E-03	1.3952E-03	-1.9815E-03	-1.6486E-03
7.9433E-04	1.0633E-03	1.4141E-03	-2.0006E-03	-1.6595E-03
8.0168E-04	1.0742E-03	1.4333E-03	-2.0198E-03	-1.6704E-03
8.0910E-04	1.0852E-03	1.4526E-03	-2.0392E-03	-1.6814E-03
8.1658E-04	1.0963E-03	1.4722E-03	-2.0589E-03	-1.6925E-03
8.2414E-04	1.1075E-03	1.4920E-03	-2.0787E-03	-1.7037E-03
8.3176E-04	1.1188E-03	1.5120E-03	-2.0986E-03	-1.7149E-03
8.3946E-04	1.1303E-03	1.5322E-03	-2.1188E-03	-1.7262E-03
8.4723E-04	1.1418E-03	1.5527E-03	-2.1392E-03	-1.7376E-03
8.5507E-04	1.1535E-03	1.5734E-03	-2.1598E-03	-1.7491E-03
8.6298E-04	1.1653E-03	1.5944E-03	-2.1806E-03	-1.7606E-03
8.7096E-04	1.1772E-03	1.6156E-03	-2.2015E-03	-1.7722E-03
8.7902E-04	1.1893E-03	1.6370E-03	-2.2227E-03	-1.7839E-03
8.8716E-04	1.2014E-03	1.6587E-03	-2.2441E-03	-1.7957E-03
8.9536E-04	1.2137E-03	1.6807E-03	-2.2657E-03	-1.8076E-03
9.0365E-04	1.2261E-03	1.7028E-03	-2.2875E-03	-1.8195E-03
9.1201E-04	1.2387E-03	1.7253E-03	-2.3095E-03	-1.8315E-03
9.2045E-04	1.2514E-03	1.7480E-03	-2.3317E-03	-1.8436E-03
9.2897E-04	1.2642E-03	1.7710E-03	-2.3542E-03	-1.8558E-03
9.3756E-04	1.2771E-03	1.7942E-03	-2.3768E-03	-1.8680E-03
9.4624E-04	1.2902E-03	1.8177E-03	-2.3997E-03	-1.8804E-03
9.5499E-04	1.3034E-03	1.8414E-03	-2.4228E-03	-1.8928E-03
9.6383E-04	1.3167E-03	1.8655E-03	-2.4461E-03	-1.9053E-03
9.7275E-04	1.3302E-03	1.8898E-03	-2.4696E-03	-1.9179E-03
9.8175E-04	1.3438E-03	1.9143E-03	-2.4934E-03	-1.9305E-03
9.9083E-04	1.3576E-03	1.9392E-03	-2.5174E-03	-1.9433E-03
1.0000E-03	1.3715E-03	1.9643E-03	-2.5416E-03	-1.9561E-03
1.0093E-03	1.3855E-03	1.9897E-03	-2.5661E-03	-1.9690E-03
1.0186E-03	1.3997E-03	2.0155E-03	-2.5907E-03	-1.9821E-03
1.0280E-03	1.4141E-03	2.0415E-03	-2.6157E-03	-1.9952E-03
1.0375E-03	1.4286E-03	2.0678E-03	-2.6408E-03	-2.0084E-03
1.0471E-03	1.4432E-03	2.0943E-03	-2.6663E-03	-2.0216E-03
1.0568E-03	1.4580E-03	2.1212E-03	-2.6919E-03	-2.0350E-03
1.0666E-03	1.4729E-03	2.1484E-03	-2.7178E-03	-2.0484E-03
1.0765E-03	1.4880E-03	2.1759E-03	-2.7440E-03	-2.0620E-03
1.0864E-03	1.5032E-03	2.2038E-03	-2.7704E-03	-2.0756E-03
1.0965E-03	1.5187E-03	2.2319E-03	-2.7970E-03	-2.0894E-03
1.1066E-03	1.5342E-03	2.2603E-03	-2.8240E-03	-2.1032E-03
1.1169E-03	1.5499E-03	2.2891E-03	-2.8511E-03	-2.1171E-03
1.1272E-03	1.5658E-03	2.3182E-03	-2.8786E-03	-2.1311E-03
1.1376E-03	1.5819E-03	2.3476E-03	-2.9063E-03	-2.1452E-03
1.1482E-03	1.5981E-03	2.3773E-03	-2.9342E-03	-2.1594E-03
1.1588E-03	1.6145E-03	2.4074E-03	-2.9625E-03	-2.1737E-03
1.1695E-03	1.6310E-03	2.4378E-03	-2.9910E-03	-2.1881E-03
1.1803E-03	1.6477E-03	2.4685E-03	-3.0197E-03	-2.2026E-03
1.1912E-03	1.6646E-03	2.4996E-03	-3.0488E-03	-2.2172E-03
1.2023E-03	1.6817E-03	2.5310E-03	-3.0781E-03	-2.2318E-03
1.2134E-03	1.6989E-03	2.5628E-03	-3.1077E-03	-2.2466E-03
1.2246E-03	1.7164E-03	2.5950E-03	-3.1376E-03	-2.2615E-03
1.2359E-03	1.7340E-03	2.6275E-03	-3.1678E-03	-2.2765E-03
1.2474E-03	1.7518E-03	2.6603E-03	-3.1983E-03	-2.2916E-03
1.2589E-03	1.7697E-03	2.6935E-03	-3.2291E-03	-2.3067E-03
1.2706E-03	1.7879E-03	2.7271E-03	-3.2601E-03	-2.3220E-03
1.2823E-03	1.8062E-03	2.7611E-03	-3.2915E-03	-2.3374E-03
1.2942E-03	1.8247E-03	2.7954E-03	-3.3232E-03	-2.3529E-03
1.3062E-03	1.8434E-03	2.8301E-03	-3.3551E-03	-2.3685E-03
1.3183E-03	1.8623E-03	2.8652E-03	-3.3874E-03	-2.3842E-03
1.3305E-03	1.8814E-03	2.9007E-03	-3.4200E-03	-2.4000E-03
1.3428E-03	1.9007E-03	2.9366E-03	-3.4529E-03	-2.4159E-03
1.3552E-03	1.9202E-03	2.9728E-03	-3.4861E-03	-2.4320E-03
1.3677E-03	1.9399E-03	3.0095E-03	-3.5196E-03	-2.4481E-03
1.3804E-03	1.9598E-03	3.0465E-03	-3.5534E-03	-2.4643E-03
1.3932E-03	1.9799E-03	3.0840E-03	-3.5876E-03	-2.4807E-03
1.4060E-03	2.0003E-03	3.1219E-03	-3.6221E-03	-2.4972E-03
1.4191E-03	2.0208E-03	3.1602E-03	-3.6569E-03	-2.5137E-03
1.4322E-03	2.0415E-03	3.1989E-03	-3.6921E-03	-2.5304E-03
1.4454E-03	2.0625E-03	3.2381E-03	-3.7276E-03	-2.5472E-03
1.4588E-03	2.0836E-03	3.2776E-03	-3.7634E-03	-2.5641E-03
1.4723E-03	2.1050E-03	3.3176E-03	-3.7996E-03	-2.5812E-03
1.4859E-03	2.1266E-03	3.3581E-03	-3.8361E-03	-2.5983E-03
1.4997E-03	2.1484E-03	3.3989E-03	-3.8730E-03	-2.6156E-03
1.5136E-03	2.1704E-03	3.4403E-03	-3.9102E-03	-2.6329E-03
1.5276E-03	2.1927E-03	3.4820E-03	-3.9478E-03	-2.6504E-03
1.5417E-03	2.2152E-03	3.5242E-03	-3.9857E-03	-2.6680E-03
1.5560E-03	2.2379E-03	3.5669E-03	-4.0240E-03	-2.6858E-03
1.5704E-03	2.2609E-03	3.6101E-03	-4.0626E-03	-2.7036E-03
1.5849E-03	2.2841E-03	3.6537E-03	-4.1017E-03	-2.7216E-03
1.5996E-03	2.3075E-03	3.6977E-03	-4.1411E-03	-2.7397E-03
1.6144E-03	2.3312E-03	3.7423E-03	-4.1808E-03	-2.7579E-03
1.6293E-03	2.3551E-03	3.7873E-03	-4.2210E-03	-2.7763E-03
1.6444E-03	2.3793E-03	3.8328E-03	-4.2615E-03	-2.7948E-03
1.6596E-03	2.4037E-03	3.8789E-03	-4.3025E-03	-2.8134E-03
1.6749E-03	2.4283E-03	3.9254E-03	-4.3438E-03	-2.8321E-03
1.6904E-03	2.4532E-03	3.9724E-03	-4.3855E-03	-2.8509E-03
1.7061E-03	2.4784E-03	4.0199E-03	-4.4276E-03	-2.8699E-03
1.7219E-03	2.5038E-03	4.0679E-03	-4.4701E-03	-2.8890E-03
1.7378E-03	2.5295E-03	4.1164E-03	-4.5130E-03	-2.9083E-03
1.7539E-03	2.5555E-03	4.1655E-03	-4.5563E-03	-2.9276E-03
1.7701E-03	2.5817E-03	4.2150E-03	-4.6000E-03	-2.9471E-03
1.7865E-03	2.6082E-03	4.2652E-03	-4.6441E-03	-2.9668E-03
1.8030E-03	2.6349E-03	4.3158E-03	-4.6887E-03	-2.9865E-03
1.8197E-03	2.6619E-03	4.3670E-03	-4.7337E-03	-3.0064E-03
1.8365E-03	2.6892E-03	4.4187E-03	-4.7791E-03	-3.0265E-03
1.8535E-03	2.7168E-03	4.4710E-03	-4.8249E-03	-3.0467E-03
1.8707E-03	2.7447E-03	4.5238E-03	-4.8711E-03	-3.0670E-03
1.8880E-03	2.7728E-03	4.5772E-03	-4.9178E-03	-3.0874E-03
1.9055E-03	2.8012E-03	4.6311E-03	-4.9650E-03	-3.1080E-03
1.9231E-03	2.8300E-03	4.6857E-03	-5.0126E-03	-3.1288E-03
1.9409E-03	2.8590E-03	4.7408E-03	-5.0606E-03	-3.1497E-03
1.9588E-03	2.8883E-03	4.7965E-03	-5.1091E-03	-3.1707E-03
1.9770E-03	2.9179E-03	4.8527E-03	-5.1581E-03	-3.1919E-03
1.9953E-03	2.9478E-03	4.9096E-03	-5.2075E-03	-3.2132E-03
2.0137E-03	2.9780E-03	4.9671E-03	-5.2574E-03	-3.2346E-03
2.0324E-03	3.0086E-03	5.0251E-03	-5.3077E-03	-3.2562E-03
2.0512E-03	3.0394E-03	5.0838E-03	-5.3585E-03	-3.2780E-03
2.0701E-03	3.0705E-03	5.1431E-03	-5.4098E-03	-3.2999E-03
2.0893E-03	3.1020E-03	5.2030E-03	-5.4616E-03	-3.3220E-03
2.1086E-03	3.1338E-03	5.2636E-03	-5.5139E-03	-3.3442E-03
2.1281E-03	3.1659E-03	5.3247E-03	-5.5667E-03	-3.3665E-03
2.1478E-03	3.1983E-03	5.3866E-03	-5.6199E-03	-3.3890E-03
2.1677E-03	3.2311E-03	5.4490E-03	-5.6737E-03	-3.4117E-03
2.1878E-03	3.2642E-03	5.5121E-03	-5.7279E-03	-3.4345E-03
2.2080E-03	3.2976E-03	5.5759E-03	-5.7827E-03	-3.4575E-03
2.2284E-03	3.3314E-03	5.6404E-03	-5.8380E-03	-3.4807E-03
2.2491E-03	3.3655E-03	5.7055E-03	-5.8938E-03	-3.5040E-03
2.2699E-03	3.4000E-03	5.7712E-03	-5.9502E-03	-3.5274E-03
2.2909E-03	3.4348E-03	5.8377E-03	-6.0070E-03	-3.5511E-03
2.3121E-03	3.4700E-03	5.9049E-03	-6.0644E-03	-3.5748E-03
2.3335E-03	3.5055E-03	5.9727E-03	-6.1223E-03	-3.5988E-03
2.3550E-03	3.5414E-03	6.0413E-03	-6.1808E-03	-3.6229E-03
2.3768E-03	3.5776E-03	6.1105E-03	-6.2398E-03	-3.6472E-03
2.3988E-03	3.6142E-03	6.1805E-03	-6.2994E-03	-3.6716E-03
2.4210E-03	3.6512E-03	6.2512E-03	-6.3595E-03	-3.6963E-03
2.4434E-03	3.6886E-03	6.3226E-03	-6.4202E-03	-3.7211E-03
2.4660E-03	3.7263E-03	6.3948E-03	-6.4815E-03	-3.7460E-03
2.4889E-03	3.7644E-03	6.4677E-03	-6.5433E-03	-3.7712E-03
2.5119E-03	3.8029E-03	6.5413E-03	-6.6057E-03	-3.7965E-03
2.5351E-03	3.8418E-03	6.6157E-03	-6.6687E-03	-3.8220E-03
2.5586E-03	3.8811E-03	6.6909E-03	-6.7323E-03	-3.8476E-03
2.5823E-03	3.9208E-03	6.7668E-03	-6.7964E-03	-3.8735E-03
2.6062E-03	3.9609E-03	6.8435E-03	-6.8612E-03	-3.8995E-03
2.6303E-03	4.0014E-03	6.9210E-03	-6.9265E-03	-3.9257E-03
2.6546E-03	4.0423E-03	6.9992E-03	-6.9925E-03	-3.9521E-03
2.6792E-03	4.0836E-03	7.0783E-03	-7.0591E-03	-3.9786E-03
2.7040E-03	4.1253E-03	7.1582E-03	-7.1263E-03	-4.0054E-03
2.7290E-03	4.1674E-03	7.2389E-03	-7.1941E-03	-4.0323E-03
2.7542E-03	4.2100E-03	7.3204E-03	-7.2626E-03	-4.0595E-03
2.7797E-03	4.2530E-03	7.4027E-03	-7.3316E-03	-4.0868E-03
2.8054E-03	4.2964E-03	7.4859E-03	-7.4014E-03	-4.1143E-03
2.8314E-03	4.3403E-03	7.5699E-03	-7.4717E-03	-4.1420E-03
2.8576E-03	4.3846E-03	7.6547E-03	-7.5428E-03	-4.1699E-03
2.8840E-03	4.4293E-03	7.7404E-03	-7.6144E-03	-4.1980E-03
2.9107E-03	4.4745E-03	7.8270E-03	-7.6868E-03	-4.2262E-03
2.9376E-03	4.5201E-03	7.9144E-03	-7.7598E-03	-4.2547E-03
2.9648E-03	4.5662E-03	8.0027E-03	-7.8334E-03	-4.2834E-03
2.9923E-03	4.6128E-03	8.0919E-03	-7.9078E-03	-4.3123E-03
3.0200E-03	4.6598E-03	8.1820E-03	-7.9828E-03	-4.3414E-03
3.0479E-03	4.7073E-03	8.2730E-03	-8.0586E-03	-4.3706E-03
3.0761E-03	4.7553E-03	8.3648E-03	-8.1350E-03	-4.4001E-03
3.1046E-03	4.8038E-03	8.4577E-03	-8.2121E-03	-4.4298E-03
3.1333E-03	4.8527E-03	8.5514E-03	-8.2900E-03	-4.4597E-03
3.1623E-03	4.9022E-03	8.6461E-03	-8.3685E-03	-4.4898E-03
3.1915E-03	4.9521E-03	8.7417E-03	-8.4478E-03	-4.5202E-03
3.2211E-03	5.0025E-03	8.8382E-03	-8.5278E-03	-4.5507E-03
3.2509E-03	5.0534E-03	8.9357E-03	-8.6085E-03	-4.5814E-03
3.2810E-03	5.1048E-03	9.0342E-03	-8.6900E-03	-4.6124E-03
3.3113E-03	5.1568E-03	9.1337E-03	-8.7722E-03	-4.6436E-03
3.3420E-03	5.2093E-03	9.2341E-03	-8.8552E-03	-4.6750E-03
3.3729E-03	5.2622E-03	9.3355E-03	-8.9389E-03	-4.7066E-03
3.4041E-03	5.3157E-03	9.4379E-03	-9.0234E-03	-4.7385E-03
3.4356E-03	5.3698E-03	9.5413E-03	-9.1086E-03	-4.7705E-03
3.4674E-03	5.4244E-03	9.6458E-03	-9.1946E-03	-4.8028E-03
3.4995E-03	5.4795E-03	9.7512E-03	-9.2814E-03	-4.8354E-03
3.5318E-03	5.5351E-03	9.8577E-03	-9.3690E-03	-4.8681E-03
3.5645E-03	5.5913E-03	9.9653E-03	-9.4574E-03	-4.9011E-03
3.5975E-03	5.6481E-03	1.0074E-02	-9.5466E-03	-4.9343E-03
3.6308E-03	5.7054E-03	1.0183E-02	-9.6366E-03	-4.9678E-03
3.6644E-03	5.7633E-03	1.0294E-02	-9.7275E-03	-5.0014E-03
3.6983E-03	5.8218E-03	1.0406E-02	-9.8191E-03	-5.0354E-03
3.7325E-03	5.8809E-03	1.0519E-02	-9.9116E-03	-5.0695E-03
3.7670E-03	5.9405E-03	1.0633E-02	-1.0005E-02	-5.1039E-03
3.8019E-03	6.0007E-03	1.0748E-02	-1.0099E-02	-5.1386E-03
3.8371E-03	6.0615E-03	1.0864E-02	-1.0194E-02	-5.1735E-03
3.8726E-03	6.1229E-03	1.0981E-02	-1.0290E-02	-5.2086E-03
3.9084E-03	6.1849E-03	1.1100E-02	-1.0387E-02	-5.2440E-03
3.9446E-03	6.2476E-03	1.1219E-02	-1.0484E-02	-5.2796E-03
3.9811E-03	6.3108E-03	1.1340E-02	-1.0583E-02	-5.3155E-03
4.0179E-03	6.3747E-03	1.1462E-02	-1.0682E-02	-5.3517E-03
4.0551E-03	6.4392E-03	1.1585E-02	-1.0782E-02	-5.3881E-03
4.0926E-03	6.5043E-03	1.1709E-02	-1.0883E-02	-5.4247E-03
4.1305E-03	6.5700E-03	1.1835E-02	-1.0985E-02	-5.4616E-03
4.1687E-03	6.6364E-03	1.1961E-02	-1.1088E-02	-5.4988E-03
4.2073E-03	6.7035E-03	1.2089E-02	-1.1192E-02	-5.5363E-03
4.2462E-03	6.7712E-03	1.2218E-02	-1.1297E-02	-5.5740E-03
4.2855E-03	6.8396E-03	1.2348E-02	-1.1403E-02	-5.6120E-03
4.3251E-03	6.9086E-03	1.2480E-02	-1.1510E-02	-5.6502E-03
4.3652E-03	6.9783E-03	1.2612E-02	-1.1617E-02	-5.6887E-03
4.4055E-03	7.0487E-03	1.2746E-02	-1.1726E-02	-5.7275E-03
4.4463E-03	7.1198E-03	1.2882E-02	-1.1835E-02	-5.7666E-03
4.4875E-03	7.1915E-03	1.3018E-02	-1.1946E-02	-5.8060E-03
4.5290E-03	7.2640E-03	1.3156E-02	-1.2057E-02	-5.8456E-03
4.5709E-03	7.3371E-03	1.3295E-02	-1.2170E-02	-5.8855E-03
4.6132E-03	7.4110E-03	1.3435E-02	-1.2283E-02	-5.9257E-03
4.6559E-03	7.4856E-03	1.3577E-02	-1.2398E-02	-5.9662E-03
4.6989E-03	7.5609E-03	1.3720E-02	-1.2513E-02	-6.0069E-03
4.7424E-03	7.6370E-03	1.3864E-02	-1.2630E-02	-6.0480E-03
4.7863E-03	7.7137E-03	1.4010E-02	-1.2747E-02	-6.0894E-03
4.8306E-03	7.7913E-03	1.4157E-02	-1.2866E-02	-6.1310E-03
4.8753E-03	7.8695E-03	1.4306E-02	-1.2986E-02	-6.1730E-03
4.9204E-03	7.9486E-03	1.4455E-02	-1.3106E-02	-6.2152E-03
4.9659E-03	8.0283E-03	1.4607E-02	-1.3228E-02	-6.2578E-03
5.0119E-03	8.1089E-03	1.4759E-02	-1.3351E-02	-6.3006E-03
5.0582E-03	8.1902E-03	1.4913E-02	-1.3475E-02	-6.3438E-03
5.1050E-03	8.2723E-03	1.5068E-02	-1.3600E-02	-6.3873E-03
5.1523E-03	8.3552E-03	1.5225E-02	-1.3726E-02	-6.4310E-03
5.2000E-03	8.4389E-03	1.5384E-02	-1.3853E-02	-6.4751E-03
5.2481E-03	8.5234E-03	1.5543E-02	-1.3981E-02	-6.5196E-03
5.2966E-03	8.6087E-03	1.5704E-02	-1.4110E-02	-6.5643E-03
5.3456E-03	8.6948E-03	1.5867E-02	-1.4241E-02	-6.6093E-03
5.3951E-03	8.7818E-03	1.6031E-02	-1.4372E-02	-6.6547E-03
5.4450E-03	8.8696E-03	1.6197E-02	-1.4505E-02	-6.7004E-03
5.4954E-03	8.9582E-03	1.6364E-02	-1.4639E-02	-6.7465E-03
5.5463E-03	9.0476E-03	1.6533E-02	-1.4774E-02	-6.7928E-03
5.5976E-03	9.1379E-03	1.6703E-02	-1.4910E-02	-6.8395E-03
5.6494E-03	9.2291E-03	1.6874E-02	-1.5048E-02	-6.8865E-03
5.7016E-03	9.3211E-03	1.7048E-02	-1.5186E-02	-6.9339E-03
5.7544E-03	9.4140E-03	1.7222E-02	-1.5326E-02	-6.9816E-03
5.8076E-03	9.5078E-03	1.7399E-02	-1.5467E-02	-7.0297E-03
5.8614E-03	9.6025E-03	1.7577E-02	-1.5609E-02	-7.0781E-03
5.9156E-03	9.6980E-03	1.7756E-02	-1.5753E-02	-7.1268E-03
5.9704E-03	9.7945E-03	1.7937E-02	-1.5898E-02	-7.1759E-03
6.0256E-03	9.8919E-03	1.8120E-02	-1.6043E-02	-7.2254E-03
6.0814E-03	9.9902E-03	1.8304E-02	-1.6190E-02	-7.2752E-03
6.1376E-03	1.0089E-02	1.8490E-02	-1.6339E-02	-7.3253E-03
6.1944E-03	1.0190E-02	1.8678E-02	-1.6489E-02	-7.3759E-03
6.2517E-03	1.0291E-02	1.8867E-02	-1.6639E-02	-7.4268E-03
6.3096E-03	1.0393E-02	1.9058E-02	-1.6792E-02	-7.4780E-03
6.3680E-03	1.0496E-02	1.9251E-02	-1.6945E-02	-7.5296E-03
6.4269E-03	1.0600E-02	1.9445E-02	-1.7100E-02	-7.5817E-03
6.4863E-03	1.0705E-02	1.9642E-02	-1.7256E-02	-7.6340E-03
6.5464E-03	1.0811E-02	1.9839E-02	-1.7413E-02	-7.6868E-03
6.6069E-03	1.0917E-02	2.0039E-02	-1.7572E-02	-7.7399E-03
6.6681E-03	1.1025E-02	2.0240E-02	-1.7732E-02	-7.7934E-03
6.7298E-03	1.1134E-02	2.0443E-02	-1.7894E-02	-7.8474E-03
6.7920E-03	1.1244E-02	2.0648E-02	-1.8056E-02	-7.9017E-03
6.8549E-03	1.1355E-02	2.0854E-02	-1.8220E-02	-7.9564E-03
6.9183E-03	1.1467E-02	2.1063E-02	-1.8386E-02	-8.0114E-03
6.9823E-03	1.1580E-02	2.1273E-02	-1.8553E-02	-8.0669E-03
7.0469E-03	1.1694E-02	2.1485E-02	-1.8721E-02	-8.1228E-03
7.1121E-03	1.1809E-02	2.1699E-02	-1.8891E-02	-8.1791E-03
7.1779E-03	1.1926E-02	2.1914E-02	-1.9062E-02	-8.2358E-03
7.2444E-03	1.2043E-02	2.2132E-02	-1.9234E-02	-8.2929E-03
7.3114E-03	1.2161E-02	2.2351E-02	-1.9408E-02	-8.3505E-03
7.3790E-03	1.2281E-02	2.2572E-02	-1.9584E-02	-8.4084E-03
7.4473E-03	1.2401E-02	2.2795E-02	-1.9761E-02	-8.4668E-03
7.5162E-03	1.2523E-02	2.3020E-02	-1.9939E-02	-8.5256E-03
7.5858E-03	1.2645E-02	2.3247E-02	-2.0119E-02	-8.5848E-03
7.6560E-03	1.2769E-02	2.3476E-02	-2.0300E-02	-8.6444E-03
7.7268E-03	1.2894E-02	2.3706E-02	-2.0483E-02	-8.7045E-03
7.7983E-03	1.3020E-02	2.3939E-02	-2.0667E-02	-8.7650E-03
7.8705E-03	1.3148E-02	2.4174E-02	-2.0852E-02	-8.8259E-03
7.9433E-03	1.3276E-02	2.4410E-02	-2.1040E-02	-8.8873E-03
8.0168E-03	1.3406E-02	2.4649E-02	-2.1228E-02	-8.9492E-03
8.0910E-03	1.3537E-02	2.4889E-02	-2.1419E-02	-9.0115E-03
8.1658E-03	1.3669E-02	2.5132E-02	-2.1611E-02	-9.0742E-03
8.2414E-03	1.3802E-02	2.5376E-02	-2.1804E-02	-9.1374E-03
8.3176E-03	1.3936E-02	2.5623E-02	-2.1999E-02	-9.2011E-03
8.3946E-03	1.4072E-02	2.5872E-02	-2.2195E-02	-9.2652E-03
8.4723E-03	1.4209E-02	2.6122E-02	-2.2394E-02	-9.3298E-03
8.5507E-03	1.4347E-02	2.6375E-02	-2.2593E-02	-9.3948E-03
8.6298E-03	1.4486E-02	2.6630E-02	-2.2795E-02	-9.4603E-03
8.7096E-03	1.4627E-02	2.6887E-02	-2.2998E-02	-9.5263E-03
8.7902E-03	1.4768E-02	2.7146E-02	-2.3202E-02	-9.5928E-03
8.8716E-03	1.4911E-02	2.7407E-02	-2.3408E-02	-9.6598E-03
8.9536E-03	1.5056E-02	2.7670E-02	-2.3616E-02	-9.7273E-03
9.0365E-03	1.5201E-02	2.7936E-02	-2.3826E-02	-9.7952E-03
9.1201E-03	1.5348E-02	2.8203E-02	-2.4037E-02	-9.8636E-03
9.2045E-03	1.5497E-02	2.8473E-02	-2.4250E-02	-9.9326E-03
9.2897E-03	1.5646E-02	2.8745E-02	-2.4464E-02	-1.0002E-02
9.3756E-03	1.5797E-02	2.9019E-02	-2.4681E-02	-1.0072E-02
9.4624E-03	1.5949E-02	2.9295E-02	-2.4899E-02	-1.0142E-02
9.5499E-03	1.6103E-02	2.9574E-02	-2.5118E-02	-1.0213E-02
9.6383E-03	1.6258E-02	2.9854E-02	-2.5340E-02	-1.0285E-02
9.7275E-03	1.6414E-02	3.0137E-02	-2.5563E-02	-1.0357E-02
9.8175E-03	1.6572E-02	3.0422E-02	-2.5788E-02	-1.0429E-02
9.9083E-03	1.6731E-02	3.0710E-02	-2.6014E-02	-1.0502E-02
1.0000E-02	1.6891E-02	3.1000E-02	-2.6243E-02	-1.0576E-02
1.1984E-02	2.0344E-02	3.7173E-02	-3.1104E-02	-1.2135E-02
1.3968E-02	2.3750E-02	4.3159E-02	-3.5814E-02	-1.3640E-02
1.5952E-02	2.7106E-02	4.8959E-02	-4.0376E-02	-1.5098E-02
1.7936E-02	3.0409E-02	5.4581E-02	-4.4797E-02	-1.6515E-02
1.9920E-02	3.3658E-02	6.0032E-02	-4.9084E-02	-1.7896E-02
2.1904E-02	3.6854E-02	6.5322E-02	-5.3243E-02	-1.9243E-02
2.3888E-02	4.0000E-02	7.0461E-02	-5.7282E-02	-2.0560E-02
2.5872E-02	4.3095E-02	7.5458E-02	-6.1207E-02	-2.1849E-02
2.7856E-02	4.6144E-02	8.0322E-02	-6.5024E-02	-2.3110E-02
2.9840E-02	4.9148E-02	8.5061E-02	-6.8737E-02	-2.4346E-02
3.1824E-02	5.2109E-02	8.9684E-02	-7.2354E-02	-2.5558E-02
3.3808E-02	5.5030E-02	9.4197E-02	-7.5877E-02	-2.6747E-02
3.5792E-02	5.7914E-02	9.8608E-02	-7.9312E-02	-2.7913E-02
3.7776E-02	6.0761E-02	1.0292E-01	-8.2663E-02	-2.9058E-02
3.9760E-02	6.3575E-02	1.0715E-01	-8.5934E-02	-3.0183E-02
4.1743E-02	6.6357E-02	1.1128E-01	-8.9128E-02	-3.1287E-02
4.3727E-02	6.9110E-02	1.1534E-01	-9.2248E-02	-3.2372E-02
4.5711E-02	7.1834E-02	1.1932E-01	-9.5298E-02	-3.3439E-02
4.7695E-02	7.4533E-02	1.2323E-01	-9.8280E-02	-3.4487E-02
4.9679E-02	7.7207E-02	1.2707E-01	-1.0120E-01	-3.5517E-02
5.1663E-02	7.9859E-02	1.3085E-01	-1.0405E-01	-3.6529E-02
5.3647E-02	8.2489E-02	1.3457E-01	-1.0684E-01	-3.7525E-02
5.5631E-02	8.5099E-02	1.3823E-01	-1.0958E-01	-3.8504E-02
5.7615E-02	8.7690E-02	1.4183E-01	-1.1226E-01	-3.9467E-02
5.9599E-02	9.0264E-02	1.4539E-01	-1.1488E-01	-4.0414E-02
6.1583E-02	9.2821E-02	1.4889E-01	-1.1745E-01	-4.1345E-02
6.3567E-02	9.5363E-02	1.5235E-01	-1.1998E-01	-4.2260E-02
6.5551E-02	9.7891E-02	1.5576E-01	-1.2245E-01	-4.3161E-02
6.7535E-02	1.0041E-01	1.5913E-01	-1.2487E-01	-4.4046E-02
6.9519E-02	1.0291E-01	1.6246E-01	-1.2724E-01	-4.4917E-02
7.1503E-02	1.0540E-01	1.6574E-01	-1.2957E-01	-4.5774E-02
7.3487E-02	1.0788E-01	1.6900E-01	-1.3185E-01	-4.6616E-02
7.5471E-02	1.1035E-01	1.7221E-01	-1.3410E-01	-4.7444E-02
7.7455E-02	1.1281E-01	1.7539E-01	-1.3629E-01	-4.8258E-02
7.9439E-02	1.1527E-01	1.7854E-01	-1.3845E-01	-4.9058E-02
8.1423E-02	1.1771E-01	1.8166E-01	-1.4056E-01	-4.9845E-02
8.3407E-02	1.2015E-01	1.8475E-01	-1.4264E-01	-5.0618E-02
8.5391E-02	1.2259E-01	1.8780E-01	-1.4467E-01	-5.1378E-02
8.7375E-02	1.2501E-01	1.9083E-01	-1.4667E-01	-5.2124E-02
8.9359E-02	1.2744E-01	1.9384E-01	-1.4863E-01	-5.2858E-02
9.1343E-02	1.2985E-01	1.9682E-01	-1.5055E-01	-5.3578E-02
9.3327E-02	1.3227E-01	1.9977E-01	-1.5244E-01	-5.4285E-02
9.5311E-02	1.3468E-01	2.0270E-01	-1.5428E-01	-5.4980E-02
9.7295E-02	1.3708E-01	2.0561E-01	-1.5610E-01	-5.5662E-02
9.9279E-02	1.3948E-01	2.0849E-01	-1.5788E-01	-5.6331E-02
1.0126E-01	1.4189E-01	2.1135E-01	-1.5962E-01	-5.6988E-02
1.0325E-01	1.4428E-01	2.1420E-01	-1.6133E-01	-5.7632E-02
1.0523E-01	1.4668E-01	2.1702E-01	-1.6301E-01	-5.8264E-02
1.0721E-01	1.4908E-01	2.1982E-01	-1.6465E-01	-5.8883E-02
1.0920E-01	1.5147E-01	2.2261E-01	-1.6626E-01	-5.9490E-02
1.1118E-01	1.5386E-01	2.2537E-01	-1.6784E-01	-6.0085E-02
1.1317E-01	1.5626E-01	2.2812E-01	-1.6938E-01	-6.0668E-02
1.1515E-01	1.5865E-01	2.3086E-01	-1.7090E-01	-6.1238E-02
1.1713E-01	1.6104E-01	2.3357E-01	-1.7238E-01	-6.1796E-02
1.1912E-01	1.6343E-01	2.3627E-01	-1.7383E-01	-6.2342E-02
1.2110E-01	1.6583E-01	2.3896E-01	-1.7525E-01	-6.2876E-02
1.2309E-01	1.6822E-01	2.4163E-01	-1.7664E-01	-6.3397E-02
1.2507E-01	1.7061E-01	2.4429E-01	-1.7800E-01	-6.3907E-02
1.2705E-01	1.7301E-01	2.4693E-01	-1.7933E-01	-6.4404E-02
1.2904E-01	1.7541E-01	2.4956E-01	-1.8063E-01	-6.4890E-02
1.3102E-01	1.7781E-01	2.5218E-01	-1.8190E-01	-6.5363E-02
1.3301E-01	1.8021E-01	2.5479E-01	-1.8314E-01	-6.5824E-02
1.3499E-01	1.8261E-01	2.5738E-01	-1.8435E-01	-6.6274E-02
1.3697E-01	1.8501E-01	2.5996E-01	-1.8553E-01	-6.6711E-02
1.3896E-01	1.8742E-01	2.6253E-01	-1.8668E-01	-6.7136E-02
1.4094E-01	1.8983E-01	2.6509E-01	-1.8781E-01	-6.7549E-02
1.4293E-01	1.9224E-01	2.6763E-01	-1.8890E-01	-6.7950E-02
1.4491E-01	1.9465E-01	2.7017E-01	-1.8997E-01	-6.8339E-02
1.4689E-01	1.9707E-01	2.7270E-01	-1.9100E-01	-6.8716E-02
1.4888E-01	1.9949E-01	2.7522E-01	-1.9201E-01	-6.9081E-02
1.5086E-01	2.0191E-01	2.7772E-01	-1.9299E-01	-6.9434E-02
1.5285E-01	2.0433E-01	2.8022E-01	-1.9395E-01	-6.9774E-02
1.5483E-01	2.0676E-01	2.8271E-01	-1.9487E-01	-7.0103E-02
1.5681E-01	2.0919E-01	2.8519E-01	-1.9577E-01	-7.0419E-02
1.5880E-01	2.1163E-01	2.8766E-01	-1.9664E-01	-7.0723E-02
1.6078E-01	2.1406E-01	2.9013E-01	-1.9748E-01	-7.1015E-02
1.6277E-01	2.1651E-01	2.9258E-01	-1.9829E-01	-7.1294E-02
1.6475E-01	2.1895E-01	2.9503E-01	-1.9908E-01	-7.1561E-02
1.6673E-01	2.2140E-01	2.9747E-01	-1.9983E-01	-7.1816E-02
1.6872E-01	2.2385E-01	2.9990E-01	-2.0056E-01	-7.2059E-02
1.7070E-01	2.2630E-01	3.0233E-01	-2.0127E-01	-7.2289E-02
1.7269E-01	2.2876E-01	3.0475E-01	-2.0194E-01	-7.2506E-02
1.7467E-01	2.3122E-01	3.0716E-01	-2.0259E-01	-7.2711E-02
1.7665E-01	2.3369E-01	3.0956E-01	-2.0321E-01	-7.2904E-02
1.7864E-01	2.3616E-01	3.1196E-01	-2.0381E-01	-7.3084E-02
1.8062E-01	2.3863E-01	3.1435E-01	-2.0437E-01	-7.3251E-02
1.8261E-01	2.4111E-01	3.1674E-01	-2.0491E-01	-7.3406E-02
1.8459E-01	2.4359E-01	3.1912E-01	-2.0542E-01	-7.3548E-02
1.8657E-01	2.4607E-01	3.2150E-01	-2.0591E-01	-7.3677E-02
1.8856E-01	2.4856E-01	3.2386E-01	-2.0636E-01	-7.3794E-02
1.9054E-01	2.5105E-01	3.2623E-01	-2.0679E-01	-7.3897E-02
1.9253E-01	2.5355E-01	3.2859E-01	-2.0720E-01	-7.3988E-02
1.9451E-01	2.5605E-01	3.3094E-01	-2.0757E-01	-7.4066E-02
1.9649E-01	2.5855E-01	3.3329E-01	-2.0792E-01	-7.4130E-02
1.9848E-01	2.6106E-01	3.3563E-01	-2.0824E-01	-7.4182E-02
2.0046E-01	2.6357E-01	3.3797E-01	-2.0854E-01	-7.4220E-02
2.0244E-01	2.6609E-01	3.4030E-01	-2.0881E-01	-7.4246E-02
2.0443E-01	2.6861E-01	3.4263E-01	-2.0905E-01	-7.4258E-02
2.0641E-01	2.7113E-01	3.4496E-01	-2.0926E-01	-7.4256E-02
2.0840E-01	2.7366E-01	3.4728E-01	-2.0945E-01	-7.4242E-02
2.1038E-01	2.7619E-01	3.4960E-01	-2.0961E-01	-7.4214E-02
2.1236E-01	2.7872E-01	3.5191E-01	-2.0974E-01	-7.4172E-02
2.1435E-01	2.8126E-01	3.5422E-01	-2.0984E-01	-7.4117E-02
2.1633E-01	2.8380E-01	3.5652E-01	-2.0992E-01	-7.4048E-02
2.1832E-01	2.8635E-01	3.5883E-01	-2.0997E-01	-7.3965E-02
2.2030E-01	2.8890E-01	3.6112E-01	-2.1000E-01	-7.3869E-02
2.2228E-01	2.9145E-01	3.6342E-01	-2.1000E-01	-7.3758E-02
2.2427E-01	2.9401E-01	3.6571E-01	-2.0996E-01	-7.3634E-02
2.2625E-01	2.9657E-01	3.6800E-01	-2.0991E-01	-7.3496E-02
2.2824E-01	2.9913E-01	3.7028E-01	-2.0982E-01	-7.3344E-02
2.3022E-01	3.0170E-01	3.7256E-01	-2.0971E-01	-7.3178E-02
2.3220E-01	3.0427E-01	3.7484E-01	-2.0957E-01	-7.2997E-02
2.3419E-01	3.0684E-01	3.7712E-01	-2.0941E-01	-7.2802E-02
2.3617E-01	3.0942E-01	3.7939E-01	-2.0921E-01	-7.2593E-02
2.3816E-01	3.1200E-01	3.8166E-01	-2.0899E-01	-7.2370E-02
2.4014E-01	3.1459E-01	3.8393E-01	-2.0875E-01	-7.2132E-02
2.4212E-01	3.1718E-01	3.8620E-01	-2.0847E-01	-7.1879E-02
2.4411E-01	3.1977E-01	3.8846E-01	-2.0817E-01	-7.1612E-02
2.4609E-01	3.2236E-01	3.9072E-01	-2.0784E-01	-7.1330E-02
2.4808E-01	3.2496E-01	3.9298E-01	-2.0748E-01	-7.1033E-02
2.5006E-01	3.2756E-01	3.9523E-01	-2.0710E-01	-7.0721E-02
2.5204E-01	3.3016E-01	3.9749E-01	-2.0669E-01	-7.0394E-02
2.5403E-01	3.3277E-01	3.9974E-01	-2.0625E-01	-7.0052E-02
2.5601E-01	3.3538E-01	4.0199E-01	-2.0579E-01	-6.9695E-02
2.5800E-01	3.3799E-01	4.0424E-01	-2.0529E-01	-6.9323E-02
2.5998E-01	3.4061E-01	4.0648E-01	-2.0477E-01	-6.8936E-02
2.6196E-01	3.4323E-01	4.0873E-01	-2.0423E-01	-6.8533E-02
2.6395E-01	3.4585E-01	4.1097E-01	-2.0365E-01	-6.8115E-02
2.6593E-01	3.4847E-01	4.1321E-01	-2.0305E-01	-6.7681E-02
2.6792E-01	3.5110E-01	4.1545E-01	-2.0242E-01	-6.7231E-02
2.6990E-01	3.5372E-01	4.1768E-01	-2.0176E-01	-6.6766E-02
2.7188E-01	3.5636E-01	4.1992E-01	-2.0108E-01	-6.6285E-02
2.7387E-01	3.5899E-01	4.2215E-01	-2.0037E-01	-6.5788E-02
2.7585E-01	3.6163E-01	4.2439E-01	-1.9963E-01	-6.5275E-02
2.7784E-01	3.6426E-01	4.2662E-01	-1.9886E-01	-6.4746E-02
2.7982E-01	3.6690E-01	4.2885E-01	-1.9806E-01	-6.4201E-02
2.8180E-01	3.6955E-01	4.3108E-01	-1.9724E-01	-6.3639E-02
2.8379E-01	3.7219E-01	4.3331E-01	-1.9639E-01	-6.3061E-02
2.8577E-01	3.7484E-01	4.3553E-01	-1.9552E-01	-6.2467E-02
2.8776E-01	3.7749E-01	4.3776E-01	-1.9461E-01	-6.1856E-02
2.8974E-01	3.8014E-01	4.3998E-01	-1.9368E-01	-6.1229E-02
2.9172E-01	3.8279E-01	4.4220E-01	-1.9272E-01	-6.0585E-02
2.9371E-01	3.8545E-01	4.4443E-01	-1.9173E-01	-5.9924E-02
2.9569E-01	3.8810E-01	4.4665E-01	-1.9072E-01	-5.9246E-02
2.9768E-01	3.9076E-01	4.4887E-01	-1.8968E-01	-5.8552E-02
2.9966E-01	3.9342E-01	4.5109E-01	-1.8861E-01	-5.7840E-02
3.0164E-01	3.9608E-01	4.5331E-01	-1.8751E-01	-5.7111E-02
3.0363E-01	3.9874E-01	4.5553E-01	-1.8639E-01	-5.6365E-02
3.0561E-01	4.0141E-01	4.5774E-01	-1.8523E-01	-5.5601E-02
3.0760E-01	4.0407E-01	4.5996E-01	-1.8405E-01	-5.4820E-02
3.0958E-01	4.0674E-01	4.6218E-01	-1.8285E-01	-5.4022E-02
3.1156E-01	4.0940E-01	4.6439E-01	-1.8161E-01	-5.3206E-02
3.1355E-01	4.1207E-01	4.6661E-01	-1.8035E-01	-5.2372E-02
3.1553E-01	4.1474E-01	4.6882E-01	-1.7906E-01	-5.1520E-02
3.1751E-01	4.1741E-01	4.7103E-01	-1.7774E-01	-5.0651E-02
3.1950E-01	4.2008E-01	4.7325E-01	-1.7640E-01	-4.9763E-02
3.2148E-01	4.2276E-01	4.7546E-01	-1.7503E-01	-4.8857E-02
3.2347E-01	4.2543E-01	4.7767E-01	-1.7363E-01	-4.7933E-02
3.2545E-01	4.2810E-01	4.7988E-01	-1.7220E-01	-4.6991E-02
3.2743E-01	4.3078E-01	4.8209E-01	-1.7074E-01	-4.6031E-02
3.2942E-01	4.3345E-01	4.8430E-01	-1.6926E-01	-4.5052E-02
3.3140E-01	4.3613E-01	4.8651E-01	-1.6775E-01	-4.4054E-02
3.3339E-01	4.3880E-01	4.8872E-01	-1.6621E-01	-4.3038E-02
3.3537E-01	4.4148E-01	4.9093E-01	-1.6465E-01	-4.2003E-02
3.3735E-01	4.4415E-01	4.9314E-01	-1.6306E-01	-4.0949E-02
3.3934E-01	4.4683E-01	4.9535E-01	-1.6144E-01	-3.9877E-02
3.4132E-01	4.4950E-01	4.9756E-01	-1.5979E-01	-3.8785E-02
3.4331E-01	4.5218E-01	4.9977E-01	-1.5811E-01	-3.7674E-02
3.4529E-01	4.5486E-01	5.0198E-01	-1.5641E-01	-3.6544E-02
3.4727E-01	4.5753E-01	5.0418E-01	-1.5468E-01	-3.5395E-02
3.4926E-01	4.6021E-01	5.0639E-01	-1.5293E-01	-3.4226E-02
3.5124E-01	4.6288E-01	5.0860E-01	-1.5114E-01	-3.3038E-02
3.5323E-01	4.6556E-01	5.1081E-01	-1.4933E-01	-3.1830E-02
3.5521E-01	4.6823E-01	5.1301E-01	-1.4749E-01	-3.0602E-02
3.5719E-01	4.7091E-01	5.1522E-01	-1.4563E-01	-2.9355E-02
3.5918E-01	4.7358E-01	5.1743E-01	-1.4374E-01	-2.8087E-02
3.6116E-01	4.7625E-01	5.1963E-01	-1.4182E-01	-2.6800E-02
3.6315E-01	4.7892E-01	5.2184E-01	-1.3987E-01	-2.5493E-02
3.6513E-01	4.8159E-01	5.2405E-01	-1.3790E-01	-2.4165E-02
3.6711E-01	4.8426E-01	5.2625E-01	-1.3589E-01	-2.2817E-02
3.6910E-01	4.8693E-01	5.2846E-01	-1.3387E-01	-2.1449E-02
3.7108E-01	4.8960E-01	5.3066E-01	-1.3181E-01	-2.0061E-02
3.7307E-01	4.9227E-01	5.3287E-01	-1.2973E-01	-1.8652E-02
3.7505E-01	4.9493E-01	5.3507E-01	-1.2762E-01	-1.7222E-02
3.7703E-01	4.9760E-01	5.3728E-01	-1.2548E-01	-1.5772E-02
3.7902E-01	5.0026E-01	5.3948E-01	-1.2332E-01	-1.4301E-02
3.8100E-01	5.0292E-01	5.4169E-01	-1.2113E-01	-1.2809E-02
3.8299E-01	5.0558E-01	5.4389E-01	-1.1892E-01	-1.1296E-02
3.8497E-01	5.0824E-01	5.4610E-01	-1.1667E-01	-9.7617E-03
3.8695E-01	5.1090E-01	5.4830E-01	-1.1440E-01	-8.2066E-03
3.8894E-01	5.1355E-01	5.5051E-01	-1.1211E-01	-6.6301E-03
3.9092E-01	5.1620E-01	5.5271E-01	-1.0979E-01	-5.0324E-03
3.9291E-01	5.1886E-01	5.5492E-01	-1.0744E-01	-3.4132E-03
3.9489E-01	5.2151E-01	5.5712E-01	-1.0506E-01	-1.7725E-03
3.9687E-01	5.2415E-01	5.5932E-01	-1.0266E-01	-1.1026E-04
3.9886E-01	5.2680E-01	5.6153E-01	-1.0023E-01	1.5736E-03
4.0084E-01	5.2944E-01	5.6373E-01	-9.7777E-02	3.2793E-03
4.0283E-01	5.3208E-01	5.6593E-01	-9.5296E-02	5.0068E-03
4.0481E-01	5.3472E-01	5.6814E-01	-9.2789E-02	6.7562E-03
4.0679E-01	5.3736E-01	5.7034E-01	-9.0257E-02	8.5275E-03
4.0878E-01	5.3999E-01	5.7254E-01	-8.7698E-02	1.0321E-02
4.1076E-01	5.4262E-01	5.7474E-01	-8.5113E-02	1.2137E-02
4.1275E-01	5.4525E-01	5.7694E-01	-8.2502E-02	1.3974E-02
4.1473E-01	5.4788E-01	5.7915E-01	-7.9865E-02	1.5835E-02
4.1671E-01	5.5050E-01	5.8135E-01	-7.7203E-02	1.7717E-02
4.1870E-01	5.5312E-01	5.8355E-01	-7.4515E-02	1.9622E-02
4.2068E-01	5.5574E-01	5.8575E-01	-7.1801E-02	2.1550E-02
4.2267E-01	5.5836E-01	5.8795E-01	-6.9061E-02	2.3500E-02
4.2465E-01	5.6097E-01	5.9015E-01	-6.6296E-02	2.5473E-02
4.2663E-01	5.6358E-01	5.9235E-01	-6.3506E-02	2.7468E-02
4.2862E-01	5.6619E-01	5.9454E-01	-6.0690E-02	2.9486E-02
4.3060E-01	5.6879E-01	5.9674E-01	-5.7849E-02	3.1528E-02
4.3259E-01	5.7139E-01	5.9894E-01	-5.4983E-02	3.3592E-02
4.3457E-01	5.7399E-01	6.0114E-01	-5.2092E-02	3.5679E-02
4.3655E-01	5.7658E-01	6.0333E-01	-4.9175E-02	3.7790E-02
4.3854E-01	5.7917E-01	6.0553E-01	-4.6234E-02	3.9923E-02
4.4052E-01	5.8175E-01	6.0772E-01	-4.3268E-02	4.2080E-02
4.4251E-01	5.8434E-01	6.0992E-01	-4.0277E-02	4.4260E-02
4.4449E-01	5.8692E-01	6.1211E-01	-3.7261E-02	4.6463E-02
4.4647E-01	5.8949E-01	6.1431E-01	-3.4220E-02	4.8690E-02
4.4846E-01	5.9206E-01	6.1650E-01	-3.1155E-02	5.0940E-02
4.5044E-01	5.9463E-01	6.1869E-01	-2.8066E-02	5.3214E-02
4.5242E-01	5.9720E-01	6.2088E-01	-2.4952E-02	5.5511E-02
4.5441E-01	5.9976E-01	6.2307E-01	-2.1814E-02	5.7832E-02
4.5639E-01	6.0231E-01	6.2526E-01	-1.8652E-02	6.0177E-02
4.5838E-01	6.0486E-01	6.2745E-01	-1.5465E-02	6.2545E-02
4.6036E-01	6.0741E-01	6.2963E-01	-1.2255E-02	6.4937E-02
4.6234E-01	6.0996E-01	6.3182E-01	-9.0202E-03	6.7353E-02
4.6433E-01	6.1250E-01	6.3401E-01	-5.7619E-03	6.9793E-02
4.6631E-01	6.1503E-01	6.3619E-01	-2.4799E-03	7.2257E-02
4.6830E-01	6.1756E-01	6.3837E-01	8.2564E-04	7.4744E-02
4.7028E-01	6.2009E-01	6.4055E-01	4.1549E-03	7.7256E-02
4.7226E-01	6.2261E-01	6.4274E-01	7.5075E-03	7.9792E-02
4.7425E-01	6.2513E-01	6.4491E-01	1.0883E-02	8.2351E-02
4.7623E-01	6.2764E-01	6.4709E-01	1.4283E-02	8.4935E-02
4.7822E-01	6.3015E-01	6.4927E-01	1.7705E-02	8.7543E-02
4.8020E-01	6.3265E-01	6.5145E-01	2.1150E-02	9.0175E-02
4.8218E-01	6.3515E-01	6.5362E-01	2.4619E-02	9.2831E-02
4.8417E-01	6.3765E-01	6.5579E-01	2.8110E-02	9.5512E-02
4.8615E-01	6.4014E-01	6.5796E-01	3.1623E-02	9.8216E-02
4.8814E-01	6.4262E-01	6.6013E-01	3.5160E-02	1.0095E-01
4.9012E-01	6.4510E-01	6.6230E-01	3.8719E-02	1.0370E-01
4.9210E-01	6.4758E-01	6.6447E-01	4.2300E-02	1.0648E-01
4.9409E-01	6.5004E-01	6.6663E-01	4.5904E-02	1.0928E-01
4.9607E-01	6.5251E-01	6.6879E-01	4.9529E-02	1.1210E-01
4.9806E-01	6.5497E-01	6.7096E-01	5.3177E-02	1.1495E-01
5.0004E-01	6.5742E-01	6.7312E-01	5.6847E-02	1.1783E-01
5.0202E-01	6.5987E-01	6.7527E-01	6.0538E-02	1.2073E-01
5.0401E-01	6.6231E-01	6.7743E-01	6.4251E-02	1.2365E-01
5.0599E-01	6.6475E-01	6.7958E-01	6.7986E-02	1.2660E-01
5.0798E-01	6.6718E-01	6.8173E-01	7.1742E-02	1.2957E-01
5.0996E-01	6.6961E-01	6.8388E-01	7.5519E-02	1.3257E-01
5.1194E-01	6.7203E-01	6.8603E-01	7.9318E-02	1.3559E-01
5.1393E-01	6.7445E-01	6.8818E-01	8.3138E-02	1.3863E-01
5.1591E-01	6.7686E-01	6.9032E-01	8.6978E-02	1.4170E-01
5.1790E-01	6.7926E-01	6.9246E-01	9.0840E-02	1.4480E-01
5.1988E-01	6.8166E-01	6.9460E-01	9.4722E-02	1.4791E-01
5.2186E-01	6.8405E-01	6.9673E-01	9.8625E-02	1.5106E-01
5.2385E-01	6.8644E-01	6.9887E-01	1.0255E-01	1.5422E-01
5.2583E-01	6.8882E-01	7.0100E-01	1.0649E-01	1.5741E-01
5.2782E-01	6.9120E-01	7.0312E-01	1.1045E-01	1.6063E-01
5.2980E-01	6.9356E-01	7.0525E-01	1.1444E-01	1.6387E-01
5.3178E-01	6.9593E-01	7.0737E-01	1.1844E-01	1.6713E-01
5.3377E-01	6.9828E-01	7.0949E-01	1.2246E-01	1.7041E-01
5.3575E-01	7.0063E-01	7.1161E-01	1.2651E-01	1.7372E-01
5.3774E-01	7.0298E-01	7.1372E-01	1.3057E-01	1.7706E-01
5.3972E-01	7.0532E-01	7.1584E-01	1.3465E-01	1.8042E-01
5.4170E-01	7.0765E-01	7.1794E-01	1.3875E-01	1.8380E-01
5.4369E-01	7.0997E-01	7.2005E-01	1.4287E-01	1.8721E-01
5.4567E-01	7.1229E-01	7.2215E-01	1.4701E-01	1.9064E-01
5.4766E-01	7.1461E-01	7.2425E-01	1.5117E-01	1.9409E-01
5.4964E-01	7.1691E-01	7.2634E-01	1.5534E-01	1.9757E-01
5.5162E-01	7.1921E-01	7.2844E-01	1.5954E-01	2.0107E-01
5.5361E-01	7.2150E-01	7.3052E-01	1.6375E-01	2.0459E-01
5.5559E-01	7.2379E-01	7.3261E-01	1.6798E-01	2.0814E-01
5.5758E-01	7.2607E-01	7.3469E-01	1.7223E-01	2.1171E-01
5.5956E-01	7.2834E-01	7.3677E-01	1.7650E-01	2.1530E-01
5.6154E-01	7.3061E-01	7.3884E-01	1.8078E-01	2.1892E-01
5.6353E-01	7.3287E-01	7.4092E-01	1.8508E-01	2.2256E-01
5.6551E-01	7.3512E-01	7.4298E-01	1.8940E-01	2.2622E-01
5.6749E-01	7.3737E-01	7.4505E-01	1.9373E-01	2.2991E-01
5.6948E-01	7.3961E-01	7.4710E-01	1.9809E-01	2.3361E-01
5.7146E-01	7.4184E-01	7.4916E-01	2.0246E-01	2.3734E-01
5.7345E-01	7.4406E-01	7.5121E-01	2.0684E-01	2.4110E-01
5.7543E-01	7.4628E-01	7.5326E-01	2.1125E-01	2.4487E-01
5.7741E-01	7.4849E-01	7.5530E-01	2.1566E-01	2.4867E-01
5.7940E-01	7.5069E-01	7.5734E-01	2.2010E-01	2.5249E-01
5.8138E-01	7.5289E-01	7.5937E-01	2.2455E-01	2.5633E-01
5.8337E-01	7.5508E-01	7.6140E-01	2.2902E-01	2.6019E-01
5.8535E-01	7.5726E-01	7.6343E-01	2.3350E-01	2.6408E-01
5.8733E-01	7.5943E-01	7.6545E-01	2.3799E-01	2.6798E-01
5.8932E-01	7.6160E-01	7.6747E-01	2.4251E-01	2.7191E-01
5.9130E-01	7.6376E-01	7.6948E-01	2.4703E-01	2.7586E-01
5.9329E-01	7.6591E-01	7.7148E-01	2.5158E-01	2.7983E-01
5.9527E-01	7.6805E-01	7.7349E-01	2.5613E-01	2.8382E-01
5.9725E-01	7.7019E-01	7.7548E-01	2.6070E-01	2.8783E-01
5.9924E-01	7.7232E-01	7.7747E-01	2.6529E-01	2.9187E-01
6.0122E-01	7.7444E-01	7.7946E-01	2.6989E-01	2.9592E-01
6.0321E-01	7.7655E-01	7.8144E-01	2.7450E-01	2.9999E-01
6.0519E-01	7.7866E-01	7.8342E-01	2.7913E-01	3.0408E-01
6.0717E-01	7.8076E-01	7.8539E-01	2.8377E-01	3.0820E-01
6.0916E-01	7.8285E-01	7.8736E-01	2.8842E-01	3.1233E-01
6.1114E-01	7.8493E-01	7.8932E-01	2.9308E-01	3.1648E-01
6.1313E-01	7.8701E-01	7.9127E-01	2.9776E-01	3.2065E-01
6.1511E-01	7.8907E-01	7.9323E-01	3.0245E-01	3.2484E-01
6.1709E-01	7.9113E-01	7.9517E-01	3.0715E-01	3.2905E-01
6.1908E-01	7.9318E-01	7.9711E-01	3.1187E-01	3.3328E-01
6.2106E-01	7.9522E-01	7.9904E-01	3.1660E-01	3.3752E-01
6.2305E-01	7.9726E-01	8.0097E-01	3.2133E-01	3.4179E-01
6.2503E-01	7.9928E-01	8.0289E-01	3.2608E-01	3.4607E-01
6.2701E-01	8.0130E-01	8.0481E-01	3.3084E-01	3.5037E-01
6.2900E-01	8.0331E-01	8.0671E-01	3.3561E-01	3.5469E-01
6.3098E-01	8.0531E-01	8.0862E-01	3.4040E-01	3.5902E-01
6.3297E-01	8.0731E-01	8.1052E-01	3.4519E-01	3.6337E-01
6.3495E-01	8.0929E-01	8.1241E-01	3.4999E-01	3.6774E-01
6.3693E-01	8.1127E-01	8.1429E-01	3.5480E-01	3.7212E-01
6.3892E-01	8.1324E-01	8.1617E-01	3.5962E-01	3.7652E-01
6.4090E-01	8.1520E-01	8.1804E-01	3.6445E-01	3.8094E-01
6.4289E-01	8.1715E-01	8.1991E-01	3.6929E-01	3.8537E-01
6.4487E-01	8.1909E-01	8.2177E-01	3.7414E-01	3.8982E-01
6.4685E-01	8.2102E-01	8.2362E-01	3.7900E-01	3.9428E-01
6.4884E-01	8.2295E-01	8.2546E-01	3.8386E-01	3.9875E-01
6.5082E-01	8.2487E-01	8.2730E-01	3.8873E-01	4.0324E-01
6.5281E-01	8.2677E-01	8.2914E-01	3.9361E-01	4.0775E-01
6.5479E-01	8.2867E-01	8.3096E-01	3.9850E-01	4.1227E-01
6.5677E-01	8.3056E-01	8.3278E-01	4.0340E-01	4.1680E-01
6.5876E-01	8.3244E-01	8.3459E-01	4.0830E-01	4.2134E-01
6.6074E-01	8.3432E-01	8.3639E-01	4.1321E-01	4.2590E-01
6.6273E-01	8.3618E-01	8.3819E-01	4.1812E-01	4.3047E-01
6.6471E-01	8.3804E-01	8.3998E-01	4.2304E-01	4.3506E-01
6.6669E-01	8.3988E-01	8.4176E-01	4.2797E-01	4.3965E-01
6.6868E-01	8.4172E-01	8.4354E-01	4.3290E-01	4.4426E-01
6.7066E-01	8.4355E-01	8.4531E-01	4.3783E-01	4.4887E-01
6.7265E-01	8.4537E-01	8.4707E-01	4.4277E-01	4.5350E-01
6.7463E-01	8.4718E-01	8.4882E-01	4.4772E-01	4.5814E-01
6.7661E-01	8.4898E-01	8.5056E-01	4.5266E-01	4.6279E-01
6.7860E-01	8.5077E-01	8.5230E-01	4.5762E-01	4.6744E-01
6.8058E-01	8.5255E-01	8.5403E-01	4.6257E-01	4.7211E-01
6.8257E-01	8.5432E-01	8.5575E-01	4.6753E-01	4.7679E-01
6.8455E-01	8.5609E-01	8.5747E-01	4.7249E-01	4.8147E-01
6.8653E-01	8.5784E-01	8.5917E-01	4.7745E-01	4.8616E-01
6.8852E-01	8.5959E-01	8.6087E-01	4.8242E-01	4.9086E-01
6.9050E-01	8.6132E-01	8.6256E-01	4.8739E-01	4.9557E-01
6.9249E-01	8.6305E-01	8.6424E-01	4.9236E-01	5.0029E-01
6.9447E-01	8.6477E-01	8.6591E-01	4.9732E-01	5.0501E-01
6.9645E-01	8.6647E-01	8.6758E-01	5.0229E-01	5.0973E-01
6.9844E-01	8.6817E-01	8.6924E-01	5.0726E-01	5.1447E-01
7.0042E-01	8.6986E-01	8.7088E-01	5.1223E-01	5.1920E-01
7.0240E-01	8.7154E-01	8.7252E-01	5.1720E-01	5.2395E-01
7.0439E-01	8.7321E-01	8.7416E-01	5.2217E-01	5.2869E-01
7.0637E-01	8.7486E-01	8.7578E-01	5.2714E-01	5.3344E-01
7.0836E-01	8.7651E-01	8.7739E-01	5.3210E-01	5.3820E-01
7.1034E-01	8.7815E-01	8.7900E-01	5.3706E-01	5.4295E-01
7.1232E-01	8.7978E-01	8.8060E-01	5.4202E-01	5.4771E-01
7.1431E-01	8.8140E-01	8.8218E-01	5.4698E-01	5.5248E-01
7.1629E-01	8.8301E-01	8.8376E-01	5.5194E-01	5.5724E-01
7.1828E-01	8.8461E-01	8.8533E-01	5.5689E-01	5.6200E-01
7.2026E-01	8.8620E-01	8.8689E-01	5.6183E-01	5.6677E-01
7.2224E-01	8.8778E-01	8.8845E-01	5.6677E-01	5.7153E-01
7.2423E-01	8.8935E-01	8.8999E-01	5.7171E-01	5.7630E-01
7.2621E-01	8.9091E-01	8.9152E-01	5.7664E-01	5.8106E-01
7.2820E-01	8.9246E-01	8.9305E-01	5.8157E-01	5.8583E-01
7.3018E-01	8.9400E-01	8.9456E-01	5.8649E-01	5.9059E-01
7.3216E-01	8.9553E-01	8.9607E-01	5.9140E-01	5.9535E-01
7.3415E-01	8.9705E-01	8.9757E-01	5.9631E-01	6.0010E-01
7.3613E-01	8.9856E-01	8.9906E-01	6.0120E-01	6.0486E-01
7.3812E-01	9.0006E-01	9.0053E-01	6.0609E-01	6.0961E-01
7.4010E-01	9.0155E-01	9.0200E-01	6.1098E-01	6.1435E-01
7.4208E-01	9.0303E-01	9.0346E-01	6.1585E-01	6.1909E-01
7.4407E-01	9.0450E-01	9.0491E-01	6.2071E-01	6.2383E-01
7.4605E-01	9.0596E-01	9.0635E-01	6.2557E-01	6.2856E-01
7.4804E-01	9.0741E-01	9.0778E-01	6.3041E-01	6.3328E-01
7.5002E-01	9.0884E-01	9.0920E-01	6.3524E-01	6.3800E-01
7.5200E-01	9.1027E-01	9.1061E-01	6.4007E-01	6.4270E-01
7.5399E-01	9.1169E-01	9.1201E-01	6.4488E-01	6.4740E-01
7.5597E-01	9.1309E-01	9.1340E-01	6.4968E-01	6.5210E-01
7.5796E-01	9.1449E-01	9.1478E-01	6.5446E-01	6.5678E-01
7.5994E-01	9.1587E-01	9.1615E-01	6.5924E-01	6.6145E-01
7.6192E-01	9.1725E-01	9.1751E-01	6.6400E-01	6.6612E-01
7.6391E-01	9.1861E-01	9.1887E-01	6.6874E-01	6.7077E-01
7.6589E-01	9.1996E-01	9.2021E-01	6.7347E-01	6.7541E-01
7.6788E-01	9.2131E-01	9.2154E-01	6.7819E-01	6.8004E-01
7.6986E-01	9.2264E-01	9.2286E-01	6.8289E-01	6.8466E-01
7.7184E-01	9.2396E-01	9.2417E-01	6.8758E-01	6.8926E-01
7.7383E-01	9.2527E-01	9.2547E-01	6.9225E-01	6.9385E-01
7.7581E-01	9.2657E-01	9.2675E-01	6.9690E-01	6.9843E-01
7.7780E-01	9.2786E-01	9.2803E-01	7.0153E-01	7.0299E-01
7.7978E-01	9.2913E-01	9.2930E-01	7.0615E-01	7.0754E-01
7.8176E-01	9.3040E-01	9.3056E-01	7.1075E-01	7.1207E-01
7.8375E-01	9.3166E-01	9.3181E-01	7.1533E-01	7.1659E-01
7.8573E-01	9.3290E-01	9.3304E-01	7.1989E-01	7.2109E-01
7.8772E-01	9.3414E-01	9.3427E-01	7.2443E-01	7.2557E-01
7.8970E-01	9.3536E-01	9.3549E-01	7.2895E-01	7.3003E-01
7.9168E-01	9.3657E-01	9.3669E-01	7.3345E-01	7.3448E-01
7.9367E-01	9.3777E-01	9.3789E-01	7.3793E-01	7.3890E-01
7.9565E-01	9.3896E-01	9.3907E-01	7.4239E-01	7.4331E-01
7.9764E-01	9.4014E-01	9.4024E-01	7.4682E-01	7.4769E-01
7.9962E-01	9.4131E-01	9.4140E-01	7.5124E-01	7.5206E-01
8.0160E-01	9.4247E-01	9.4256E-01	7.5563E-01	7.5640E-01
8.0359E-01	9.4361E-01	9.4370E-01	7.5999E-01	7.6073E-01
8.0557E-01	9.4475E-01	9.4483E-01	7.6433E-01	7.6503E-01
8.0756E-01	9.4587E-01	9.4594E-01	7.6865E-01	7.6930E-01
8.0954E-01	9.4698E-01	9.4705E-01	7.7293E-01	7.7355E-01
8.1152E-01	9.4808E-01	9.4815E-01	7.7720E-01	7.7778E-01
8.1351E-01	9.4917E-01	9.4923E-01	7.8144E-01	7.8199E-01
8.1549E-01	9.5025E-01	9.5031E-01	7.8565E-01	7.8617E-01
8.1747E-01	9.5132E-01	9.5137E-01	7.8983E-01	7.9032E-01
8.1946E-01	9.5237E-01	9.5242E-01	7.9399E-01	7.9444E-01
8.2144E-01	9.5342E-01	9.5346E-01	7.9811E-01	7.9854E-01
8.2343E-01	9.5445E-01	9.5450E-01	8.0221E-01	8.0261E-01
8.2541E-01	9.5547E-01	9.5551E-01	8.0628E-01	8.0666E-01
8.2739E-01	9.5648E-01	9.5652E-01	8.1032E-01	8.1067E-01
8.2938E-01	9.5748E-01	9.5752E-01	8.1433E-01	8.1466E-01
8.3136E-01	9.5847E-01	9.5850E-01	8.1830E-01	8.1861E-01
8.3335E-01	9.5945E-01	9.5948E-01	8.2225E-01	8.2254E-01
8.3533E-01	9.6041E-01	9.6044E-01	8.2616E-01	8.2643E-01
8.3731E-01	9.6136E-01	9.6139E-01	8.3005E-01	8.3030E-01
8.3930E-01	9.6231E-01	9.6233E-01	8.3389E-01	8.3413E-01
8.4128E-01	9.6324E-01	9.6326E-01	8.3771E-01	8.3793E-01
8.4327E-01	9.6416E-01	9.6418E-01	8.4149E-01	8.4169E-01
8.4525E-01	9.6506E-01	9.6508E-01	8.4524E-01	8.4542E-01
8.4723E-01	9.6596E-01	9.6598E-01	8.4895E-01	8.4912E-01
8.4922E-01	9.6684E-01	9.6686E-01	8.5263E-01	8.5279E-01
8.5120E-01	9.6772E-01	9.6773E-01	8.5627E-01	8.5641E-01
8.5319E-01	9.6858E-01	9.6859E-01	8.5987E-01	8.6001E-01
8.5517E-01	9.6943E-01	9.6944E-01	8.6344E-01	8.6356E-01
8.5715E-01	9.7026E-01	9.7028E-01	8.6697E-01	8.6708E-01
8.5914E-01	9.7109E-01	9.7110E-01	8.7046E-01	8.7057E-01
8.6112E-01	9.7191E-01	9.7192E-01	8.7391E-01	8.7401E-01
8.6311E-01	9.7271E-01	9.7272E-01	8.7733E-01	8.7742E-01
8.6509E-01	9.7350E-01	9.7351E-01	8.8071E-01	8.8079E-01
8.6707E-01	9.7428E-01	9.7429E-01	8.8404E-01	8.8412E-01
8.6906E-01	9.7505E-01	9.7506E-01	8.8734E-01	8.8741E-01
8.7104E-01	9.7581E-01	9.7581E-01	8.9060E-01	8.9066E-01
8.7303E-01	9.7655E-01	9.7656E-01	8.9381E-01	8.9387E-01
8.7501E-01	9.7728E-01	9.7729E-01	8.9699E-01	8.9704E-01
8.7699E-01	9.7800E-01	9.7801E-01	9.0012E-01	9.0017E-01
8.7898E-01	9.7871E-01	9.7872E-01	9.0321E-01	9.0325E-01
8.8096E-01	9.7941E-01	9.7942E-01	9.0626E-01	9.0630E-01
8.8295E-01	9.8010E-01	9.8010E-01	9.0926E-01	9.0930E-01
8.8493E-01	9.8077E-01	9.8078E-01	9.1222E-01	9.1226E-01
8.8691E-01	9.8144E-01	9.8144E-01	9.1514E-01	9.1517E-01
8.8890E-01	9.8209E-01	9.8209E-01	9.1802E-01	9.1804E-01
8.9088E-01	9.8273E-01	9.8273E-01	9.2085E-01	9.2087E-01
8.9287E-01	9.8336E-01	9.8336E-01	9.2363E-01	9.2365E-01
8.9485E-01	9.8397E-01	9.8397E-01	9.2637E-01	9.2639E-01
8.9683E-01	9.8458E-01	9.8458E-01	9.2906E-01	9.2908E-01
8.9882E-01	9.8517E-01	9.8517E-01	9.3171E-01	9.3172E-01
9.0080E-01	9.8575E-01	9.8575E-01	9.3431E-01	9.3432E-01
9.0279E-01	9.8632E-01	9.8632E-01	9.3686E-01	9.3688E-01
9.0477E-01	9.8688E-01	9.8688E-01	9.3937E-01	9.3938E-01
9.0675E-01	9.8742E-01	9.8743E-01	9.4183E-01	9.4184E-01
9.0874E-01	9.8796E-01	9.8796E-01	9.4425E-01	9.4425E-01
9.1072E-01	9.8848E-01	9.8848E-01	9.4661E-01	9.4662E-01
9.1271E-01	9.8899E-01	9.8899E-01	9.4893E-01	9.4893E-01
9.1469E-01	9.8949E-01	9.8949E-01	9.5119E-01	9.5120E-01
9.1667E-01	9.8998E-01	9.8998E-01	9.5341E-01	9.5342E-01
9.1866E-01	9.9045E-01	9.9045E-01	9.5558E-01	9.5559E-01
9.2064E-01	9.9092E-01	9.9092E-01	9.5770E-01	9.5770E-01
9.2263E-01	9.9137E-01	9.9137E-01	9.5977E-01	9.5977E-01
9.2461E-01	9.9181E-01	9.9181E-01	9.6179E-01	9.6180E-01
9.2659E-01	9.9224E-01	9.9224E-01	9.6376E-01	9.6377E-01
9.2858E-01	9.9266E-01	9.9266E-01	9.6568E-01	9.6569E-01
9.3056E-01	9.9306E-01	9.9306E-01	9.6755E-01	9.6755E-01
9.3255E-01	9.9346E-01	9.9346E-01	9.6937E-01	9.6937E-01
9.3453E-01	9.9384E-01	9.9384E-01	9.7114E-01	9.7114E-01
9.3651E-01	9.9421E-01	9.9421E-01	9.7286E-01	9.7286E-01
9.3850E-01	9.9457E-01	9.9457E-01	9.7452E-01	9.7452E-01
9.4048E-01	9.9492E-01	9.9492E-01	9.7613E-01	9.7613E-01
9.4246E-01	9.9525E-01	9.9525E-01	9.7770E-01	9.7770E-01
9.4445E-01	9.9558E-01	9.9558E-01	9.7920E-01	9.7920E-01
9.4643E-01	9.9589E-01	9.9589E-01	9.8066E-01	9.8066E-01
9.4842E-01	9.9619E-01	9.9619E-01	9.8207E-01	9.8207E-01
9.5040E-01	9.9648E-01	9.9648E-01	9.8342E-01	9.8342E-01
9.5238E-01	9.9676E-01	9.9676E-01	9.8472E-01	9.8472E-01
9.5437E-01	9.9702E-01	9.9702E-01	9.8597E-01	9.8597E-01
9.5635E-01	9.9728E-01	9.9728E-01	9.8716E-01	9.8716E-01
9.5834E-01	9.9752E-01	9.9752E-01	9.8830E-01	9.8830E-01
9.6032E-01	9.9775E-01	9.9775E-01	9.8939E-01	9.8939E-01
9.6230E-01	9.9797E-01	9.9797E-01	9.9043E-01	9.9043E-01
9.6429E-01	9.9818E-01	9.9818E-01	9.9141E-01	9.9141E-01
9.6627E-01	9.9838E-01	9.9838E-01	9.9234E-01	9.9234E-01
9.6826E-01	9.9857E-01	9.9857E-01	9.9322E-01	9.9322E-01
9.7024E-01	9.9874E-01	9.9874E-01	9.9404E-01	9.9404E-01
9.7222E-01	9.9890E-01	9.9890E-01	9.9481E-01	9.9481E-01
9.7421E-01	9.9905E-01	9.9905E-01	9.9553E-01	9.9553E-01
9.7619E-01	9.9919E-01	9.9920E-01	9.9619E-01	9.9619E-01
9.7818E-01	9.9932E-01	9.9932E-01	9.9680E-01	9.9680E-01
9.8016E-01	9.9944E-01	9.9944E-01	9.9735E-01	9.9736E-01
9.8214E-01	9.9955E-01	9.9955E-01	9.9786E-01	9.9786E-01
9.8413E-01	9.9964E-01	9.9964E-01	9.9831E-01	9.9831E-01
9.8611E-01	9.9973E-01	9.9973E-01	9.9871E-01	9.9871E-01
9.8810E-01	9.9980E-01	9.9980E-01	9.9905E-01	9.9905E-01
9.9008E-01	9.9986E-01	9.9986E-01	9.9934E-01	9.9934E-01
9.9206E-01	9.9991E-01	9.9991E-01	9.9958E-01	9.9958E-01
9.9405E-01	9.9995E-01	9.9995E-01	9.9976E-01	9.9976E-01
9.9603E-01	9.9998E-01	9.9998E-01	9.9989E-01	9.9989E-01
9.9802E-01	9.9999E-01	9.9999E-01	9.9997E-01	9.9997E-01
