# Phys.Rev.Lett. 124 (2020) 082003, arXiv:1909.13818[hep-ph]
# Delta q+ / q+, q+ = q + qbar
# Fig. 3, prediction 2 (red)
x	u+lower	u+upper	d+lower	d+upper
1.0000E-04	5.3977E-04	5.8110E-04	-9.3227E-04	-8.6823E-04
1.0093E-04	5.4614E-04	5.8646E-04	-9.3921E-04	-8.7601E-04
1.0186E-04	5.5257E-04	5.9186E-04	-9.4621E-04	-8.8386E-04
1.0280E-04	5.5908E-04	5.9732E-04	-9.5325E-04	-8.9179E-04
1.0375E-04	5.6565E-04	6.0282E-04	-9.6035E-04	-8.9978E-04
1.0471E-04	5.7229E-04	6.0837E-04	-9.6750E-04	-9.0785E-04
1.0568E-04	5.7900E-04	6.1398E-04	-9.7471E-04	-9.1598E-04
1.0666E-04	5.8578E-04	6.1963E-04	-9.8197E-04	-9.2419E-04
1.0765E-04	5.9264E-04	6.2534E-04	-9.8929E-04	-9.3247E-04
1.0864E-04	5.9956E-04	6.3110E-04	-9.9666E-04	-9.4083E-04
1.0965E-04	6.0655E-04	6.3691E-04	-1.0041E-03	-9.4926E-04
1.1066E-04	6.1362E-04	6.4277E-04	-1.0116E-03	-9.5777E-04
1.1169E-04	6.2076E-04	6.4869E-04	-1.0191E-03	-9.6635E-04
1.1272E-04	6.2798E-04	6.5466E-04	-1.0267E-03	-9.7501E-04
1.1376E-04	6.3527E-04	6.6069E-04	-1.0344E-03	-9.8375E-04
1.1482E-04	6.4263E-04	6.6677E-04	-1.0421E-03	-9.9256E-04
1.1588E-04	6.5007E-04	6.7291E-04	-1.0499E-03	-1.0015E-03
1.1695E-04	6.5759E-04	6.7911E-04	-1.0577E-03	-1.0104E-03
1.1803E-04	6.6519E-04	6.8536E-04	-1.0656E-03	-1.0195E-03
1.1912E-04	6.7286E-04	6.9166E-04	-1.0736E-03	-1.0286E-03
1.2023E-04	6.8062E-04	6.9803E-04	-1.0816E-03	-1.0378E-03
1.2134E-04	6.8845E-04	7.0445E-04	-1.0896E-03	-1.0471E-03
1.2246E-04	6.9636E-04	7.1093E-04	-1.0978E-03	-1.0565E-03
1.2359E-04	7.0436E-04	7.1747E-04	-1.1060E-03	-1.0659E-03
1.2474E-04	7.1244E-04	7.2408E-04	-1.1142E-03	-1.0755E-03
1.2589E-04	7.2060E-04	7.3074E-04	-1.1226E-03	-1.0851E-03
1.2706E-04	7.2884E-04	7.3746E-04	-1.1310E-03	-1.0948E-03
1.2823E-04	7.3717E-04	7.4424E-04	-1.1394E-03	-1.1046E-03
1.2942E-04	7.4559E-04	7.5108E-04	-1.1479E-03	-1.1145E-03
1.3062E-04	7.5409E-04	7.5799E-04	-1.1565E-03	-1.1245E-03
1.3183E-04	7.6268E-04	7.6496E-04	-1.1651E-03	-1.1346E-03
1.3305E-04	7.7136E-04	7.7199E-04	-1.1739E-03	-1.1447E-03
1.3428E-04	7.7909E-04	7.8012E-04	-1.1826E-03	-1.1550E-03
1.3552E-04	7.8625E-04	7.8898E-04	-1.1915E-03	-1.1653E-03
1.3677E-04	7.9348E-04	7.9792E-04	-1.2004E-03	-1.1757E-03
1.3804E-04	8.0077E-04	8.0696E-04	-1.2094E-03	-1.1863E-03
1.3932E-04	8.0813E-04	8.1608E-04	-1.2184E-03	-1.1969E-03
1.4060E-04	8.1556E-04	8.2531E-04	-1.2275E-03	-1.2076E-03
1.4191E-04	8.2305E-04	8.3462E-04	-1.2367E-03	-1.2184E-03
1.4322E-04	8.3062E-04	8.4403E-04	-1.2460E-03	-1.2293E-03
1.4454E-04	8.3825E-04	8.5353E-04	-1.2553E-03	-1.2403E-03
1.4588E-04	8.4595E-04	8.6314E-04	-1.2647E-03	-1.2514E-03
1.4723E-04	8.5372E-04	8.7283E-04	-1.2742E-03	-1.2625E-03
1.4859E-04	8.6156E-04	8.8263E-04	-1.2837E-03	-1.2738E-03
1.4997E-04	8.6947E-04	8.9253E-04	-1.2933E-03	-1.2852E-03
1.5136E-04	8.7745E-04	9.0252E-04	-1.3030E-03	-1.2967E-03
1.5276E-04	8.8551E-04	9.1262E-04	-1.3128E-03	-1.3083E-03
1.5417E-04	8.9364E-04	9.2282E-04	-1.3226E-03	-1.3200E-03
1.5560E-04	9.0184E-04	9.3312E-04	-1.3326E-03	-1.3318E-03
1.5704E-04	9.1012E-04	9.4353E-04	-1.3437E-03	-1.3425E-03
1.5849E-04	9.1847E-04	9.5404E-04	-1.3557E-03	-1.3526E-03
1.5996E-04	9.2690E-04	9.6465E-04	-1.3678E-03	-1.3628E-03
1.6144E-04	9.3540E-04	9.7538E-04	-1.3800E-03	-1.3730E-03
1.6293E-04	9.4399E-04	9.8621E-04	-1.3924E-03	-1.3833E-03
1.6444E-04	9.5265E-04	9.9714E-04	-1.4048E-03	-1.3936E-03
1.6596E-04	9.6138E-04	1.0082E-03	-1.4173E-03	-1.4041E-03
1.6749E-04	9.7020E-04	1.0194E-03	-1.4300E-03	-1.4146E-03
1.6904E-04	9.7910E-04	1.0306E-03	-1.4428E-03	-1.4252E-03
1.7061E-04	9.8808E-04	1.0420E-03	-1.4556E-03	-1.4359E-03
1.7219E-04	9.9713E-04	1.0535E-03	-1.4686E-03	-1.4467E-03
1.7378E-04	1.0063E-03	1.0651E-03	-1.4817E-03	-1.4576E-03
1.7539E-04	1.0155E-03	1.0768E-03	-1.4950E-03	-1.4685E-03
1.7701E-04	1.0248E-03	1.0887E-03	-1.5083E-03	-1.4796E-03
1.7865E-04	1.0342E-03	1.1007E-03	-1.5218E-03	-1.4907E-03
1.8030E-04	1.0437E-03	1.1127E-03	-1.5353E-03	-1.5019E-03
1.8197E-04	1.0532E-03	1.1249E-03	-1.5490E-03	-1.5131E-03
1.8365E-04	1.0629E-03	1.1373E-03	-1.5629E-03	-1.5245E-03
1.8535E-04	1.0726E-03	1.1497E-03	-1.5768E-03	-1.5360E-03
1.8707E-04	1.0824E-03	1.1623E-03	-1.5909E-03	-1.5475E-03
1.8880E-04	1.0924E-03	1.1750E-03	-1.6050E-03	-1.5591E-03
1.9055E-04	1.1024E-03	1.1878E-03	-1.6193E-03	-1.5709E-03
1.9231E-04	1.1124E-03	1.2007E-03	-1.6338E-03	-1.5827E-03
1.9409E-04	1.1226E-03	1.2138E-03	-1.6483E-03	-1.5946E-03
1.9588E-04	1.1329E-03	1.2270E-03	-1.6630E-03	-1.6065E-03
1.9770E-04	1.1433E-03	1.2403E-03	-1.6778E-03	-1.6186E-03
1.9953E-04	1.1537E-03	1.2538E-03	-1.6928E-03	-1.6308E-03
2.0137E-04	1.1643E-03	1.2674E-03	-1.7079E-03	-1.6431E-03
2.0324E-04	1.1749E-03	1.2811E-03	-1.7231E-03	-1.6554E-03
2.0512E-04	1.1857E-03	1.2950E-03	-1.7384E-03	-1.6679E-03
2.0701E-04	1.1965E-03	1.3090E-03	-1.7539E-03	-1.6804E-03
2.0893E-04	1.2075E-03	1.3231E-03	-1.7695E-03	-1.6931E-03
2.1086E-04	1.2185E-03	1.3374E-03	-1.7853E-03	-1.7058E-03
2.1281E-04	1.2296E-03	1.3518E-03	-1.8012E-03	-1.7187E-03
2.1478E-04	1.2409E-03	1.3664E-03	-1.8172E-03	-1.7316E-03
2.1677E-04	1.2522E-03	1.3811E-03	-1.8333E-03	-1.7446E-03
2.1878E-04	1.2636E-03	1.3959E-03	-1.8497E-03	-1.7578E-03
2.2080E-04	1.2752E-03	1.4109E-03	-1.8661E-03	-1.7710E-03
2.2284E-04	1.2868E-03	1.4261E-03	-1.8827E-03	-1.7843E-03
2.2491E-04	1.2986E-03	1.4414E-03	-1.8994E-03	-1.7978E-03
2.2699E-04	1.3104E-03	1.4568E-03	-1.9163E-03	-1.8113E-03
2.2909E-04	1.3224E-03	1.4724E-03	-1.9334E-03	-1.8250E-03
2.3121E-04	1.3345E-03	1.4881E-03	-1.9505E-03	-1.8387E-03
2.3335E-04	1.3466E-03	1.5040E-03	-1.9679E-03	-1.8526E-03
2.3550E-04	1.3589E-03	1.5200E-03	-1.9853E-03	-1.8665E-03
2.3768E-04	1.3713E-03	1.5362E-03	-2.0030E-03	-1.8806E-03
2.3988E-04	1.3838E-03	1.5526E-03	-2.0208E-03	-1.8948E-03
2.4210E-04	1.3964E-03	1.5691E-03	-2.0387E-03	-1.9090E-03
2.4434E-04	1.4092E-03	1.5858E-03	-2.0568E-03	-1.9234E-03
2.4660E-04	1.4220E-03	1.6026E-03	-2.0751E-03	-1.9379E-03
2.4889E-04	1.4350E-03	1.6196E-03	-2.0935E-03	-1.9525E-03
2.5119E-04	1.4481E-03	1.6367E-03	-2.1121E-03	-1.9673E-03
2.5351E-04	1.4613E-03	1.6541E-03	-2.1308E-03	-1.9821E-03
2.5586E-04	1.4746E-03	1.6716E-03	-2.1497E-03	-1.9970E-03
2.5823E-04	1.4880E-03	1.6892E-03	-2.1687E-03	-2.0121E-03
2.6062E-04	1.5015E-03	1.7070E-03	-2.1880E-03	-2.0273E-03
2.6303E-04	1.5152E-03	1.7250E-03	-2.2074E-03	-2.0426E-03
2.6546E-04	1.5290E-03	1.7432E-03	-2.2269E-03	-2.0580E-03
2.6792E-04	1.5429E-03	1.7616E-03	-2.2467E-03	-2.0735E-03
2.7040E-04	1.5570E-03	1.7801E-03	-2.2666E-03	-2.0891E-03
2.7290E-04	1.5711E-03	1.7988E-03	-2.2866E-03	-2.1049E-03
2.7542E-04	1.5854E-03	1.8176E-03	-2.3069E-03	-2.1208E-03
2.7797E-04	1.5998E-03	1.8367E-03	-2.3273E-03	-2.1368E-03
2.8054E-04	1.6144E-03	1.8559E-03	-2.3479E-03	-2.1529E-03
2.8314E-04	1.6290E-03	1.8754E-03	-2.3687E-03	-2.1692E-03
2.8576E-04	1.6438E-03	1.8950E-03	-2.3896E-03	-2.1855E-03
2.8840E-04	1.6588E-03	1.9148E-03	-2.4108E-03	-2.2020E-03
2.9107E-04	1.6738E-03	1.9347E-03	-2.4321E-03	-2.2187E-03
2.9376E-04	1.6890E-03	1.9549E-03	-2.4536E-03	-2.2354E-03
2.9648E-04	1.7044E-03	1.9753E-03	-2.4753E-03	-2.2523E-03
2.9923E-04	1.7199E-03	1.9958E-03	-2.4972E-03	-2.2693E-03
3.0200E-04	1.7355E-03	2.0166E-03	-2.5192E-03	-2.2864E-03
3.0479E-04	1.7512E-03	2.0375E-03	-2.5415E-03	-2.3037E-03
3.0761E-04	1.7671E-03	2.0586E-03	-2.5639E-03	-2.3211E-03
3.1046E-04	1.7831E-03	2.0800E-03	-2.5866E-03	-2.3386E-03
3.1333E-04	1.7993E-03	2.1015E-03	-2.6094E-03	-2.3563E-03
3.1623E-04	1.8156E-03	2.1233E-03	-2.6324E-03	-2.3741E-03
3.1915E-04	1.8321E-03	2.1452E-03	-2.6556E-03	-2.3920E-03
3.2211E-04	1.8487E-03	2.1674E-03	-2.6791E-03	-2.4101E-03
3.2509E-04	1.8654E-03	2.1897E-03	-2.7027E-03	-2.4283E-03
3.2810E-04	1.8823E-03	2.2123E-03	-2.7265E-03	-2.4467E-03
3.3113E-04	1.8993E-03	2.2351E-03	-2.7506E-03	-2.4651E-03
3.3420E-04	1.9165E-03	2.2581E-03	-2.7748E-03	-2.4838E-03
3.3729E-04	1.9339E-03	2.2813E-03	-2.7992E-03	-2.5025E-03
3.4041E-04	1.9514E-03	2.3047E-03	-2.8239E-03	-2.5215E-03
3.4356E-04	1.9690E-03	2.3283E-03	-2.8488E-03	-2.5405E-03
3.4674E-04	1.9868E-03	2.3522E-03	-2.8738E-03	-2.5597E-03
3.4995E-04	2.0048E-03	2.3763E-03	-2.8991E-03	-2.5791E-03
3.5318E-04	2.0229E-03	2.4006E-03	-2.9246E-03	-2.5986E-03
3.5645E-04	2.0412E-03	2.4251E-03	-2.9504E-03	-2.6182E-03
3.5975E-04	2.0597E-03	2.4499E-03	-2.9763E-03	-2.6380E-03
3.6308E-04	2.0783E-03	2.4749E-03	-3.0025E-03	-2.6579E-03
3.6644E-04	2.0970E-03	2.5001E-03	-3.0288E-03	-2.6780E-03
3.6983E-04	2.1160E-03	2.5256E-03	-3.0555E-03	-2.6983E-03
3.7325E-04	2.1351E-03	2.5512E-03	-3.0823E-03	-2.7187E-03
3.7670E-04	2.1543E-03	2.5772E-03	-3.1094E-03	-2.7392E-03
3.8019E-04	2.1737E-03	2.6033E-03	-3.1367E-03	-2.7599E-03
3.8371E-04	2.1933E-03	2.6297E-03	-3.1642E-03	-2.7808E-03
3.8726E-04	2.2131E-03	2.6564E-03	-3.1919E-03	-2.8018E-03
3.9084E-04	2.2331E-03	2.6833E-03	-3.2199E-03	-2.8230E-03
3.9446E-04	2.2532E-03	2.7104E-03	-3.2482E-03	-2.8443E-03
3.9811E-04	2.2735E-03	2.7378E-03	-3.2766E-03	-2.8659E-03
4.0179E-04	2.2940E-03	2.7655E-03	-3.3053E-03	-2.8875E-03
4.0551E-04	2.3146E-03	2.7933E-03	-3.3343E-03	-2.9094E-03
4.0926E-04	2.3354E-03	2.8215E-03	-3.3635E-03	-2.9314E-03
4.1305E-04	2.3564E-03	2.8499E-03	-3.3929E-03	-2.9535E-03
4.1687E-04	2.3776E-03	2.8786E-03	-3.4226E-03	-2.9759E-03
4.2073E-04	2.3990E-03	2.9075E-03	-3.4526E-03	-2.9984E-03
4.2462E-04	2.4206E-03	2.9367E-03	-3.4828E-03	-3.0210E-03
4.2855E-04	2.4423E-03	2.9661E-03	-3.5132E-03	-3.0439E-03
4.3251E-04	2.4643E-03	2.9958E-03	-3.5439E-03	-3.0669E-03
4.3652E-04	2.4864E-03	3.0258E-03	-3.5749E-03	-3.0901E-03
4.4055E-04	2.5087E-03	3.0561E-03	-3.6061E-03	-3.1135E-03
4.4463E-04	2.5312E-03	3.0866E-03	-3.6376E-03	-3.1370E-03
4.4875E-04	2.5539E-03	3.1174E-03	-3.6693E-03	-3.1607E-03
4.5290E-04	2.5769E-03	3.1485E-03	-3.7014E-03	-3.1846E-03
4.5709E-04	2.6000E-03	3.1799E-03	-3.7336E-03	-3.2087E-03
4.6132E-04	2.6233E-03	3.2115E-03	-3.7662E-03	-3.2330E-03
4.6559E-04	2.6468E-03	3.2435E-03	-3.7990E-03	-3.2574E-03
4.6989E-04	2.6705E-03	3.2757E-03	-3.8321E-03	-3.2821E-03
4.7424E-04	2.6944E-03	3.3082E-03	-3.8655E-03	-3.3069E-03
4.7863E-04	2.7185E-03	3.3410E-03	-3.8992E-03	-3.3319E-03
4.8306E-04	2.7428E-03	3.3741E-03	-3.9331E-03	-3.3571E-03
4.8753E-04	2.7674E-03	3.4075E-03	-3.9673E-03	-3.3825E-03
4.9204E-04	2.7921E-03	3.4411E-03	-4.0018E-03	-3.4080E-03
4.9659E-04	2.8171E-03	3.4751E-03	-4.0366E-03	-3.4338E-03
5.0119E-04	2.8422E-03	3.5094E-03	-4.0717E-03	-3.4598E-03
5.0582E-04	2.8676E-03	3.5440E-03	-4.1071E-03	-3.4859E-03
5.1050E-04	2.8932E-03	3.5789E-03	-4.1427E-03	-3.5123E-03
5.1523E-04	2.9191E-03	3.6141E-03	-4.1787E-03	-3.5388E-03
5.2000E-04	2.9451E-03	3.6496E-03	-4.2149E-03	-3.5656E-03
5.2481E-04	2.9714E-03	3.6855E-03	-4.2515E-03	-3.5925E-03
5.2966E-04	2.9979E-03	3.7216E-03	-4.2884E-03	-3.6197E-03
5.3456E-04	3.0246E-03	3.7581E-03	-4.3255E-03	-3.6471E-03
5.3951E-04	3.0515E-03	3.7949E-03	-4.3630E-03	-3.6746E-03
5.4450E-04	3.0787E-03	3.8320E-03	-4.4008E-03	-3.7024E-03
5.4954E-04	3.1061E-03	3.8694E-03	-4.4389E-03	-3.7304E-03
5.5463E-04	3.1338E-03	3.9072E-03	-4.4773E-03	-3.7586E-03
5.5976E-04	3.1616E-03	3.9453E-03	-4.5160E-03	-3.7870E-03
5.6494E-04	3.1898E-03	3.9837E-03	-4.5551E-03	-3.8156E-03
5.7016E-04	3.2181E-03	4.0225E-03	-4.5944E-03	-3.8444E-03
5.7544E-04	3.2467E-03	4.0616E-03	-4.6341E-03	-3.8735E-03
5.8076E-04	3.2755E-03	4.1011E-03	-4.6741E-03	-3.9027E-03
5.8614E-04	3.3046E-03	4.1408E-03	-4.7145E-03	-3.9322E-03
5.9156E-04	3.3339E-03	4.1810E-03	-4.7551E-03	-3.9619E-03
5.9704E-04	3.3635E-03	4.2215E-03	-4.7961E-03	-3.9919E-03
6.0256E-04	3.3933E-03	4.2623E-03	-4.8375E-03	-4.0220E-03
6.0813E-04	3.4234E-03	4.3035E-03	-4.8792E-03	-4.0524E-03
6.1376E-04	3.4538E-03	4.3450E-03	-4.9212E-03	-4.0830E-03
6.1944E-04	3.4843E-03	4.3869E-03	-4.9635E-03	-4.1138E-03
6.2517E-04	3.5152E-03	4.4292E-03	-5.0062E-03	-4.1449E-03
6.3096E-04	3.5463E-03	4.4718E-03	-5.0493E-03	-4.1762E-03
6.3680E-04	3.5777E-03	4.5148E-03	-5.0927E-03	-4.2077E-03
6.4269E-04	3.6093E-03	4.5582E-03	-5.1364E-03	-4.2395E-03
6.4863E-04	3.6412E-03	4.6020E-03	-5.1806E-03	-4.2715E-03
6.5464E-04	3.6734E-03	4.6461E-03	-5.2250E-03	-4.3037E-03
6.6069E-04	3.7058E-03	4.6906E-03	-5.2699E-03	-4.3362E-03
6.6681E-04	3.7385E-03	4.7354E-03	-5.3150E-03	-4.3689E-03
6.7298E-04	3.7715E-03	4.7807E-03	-5.3606E-03	-4.4019E-03
6.7920E-04	3.8047E-03	4.8263E-03	-5.4065E-03	-4.4351E-03
6.8549E-04	3.8383E-03	4.8724E-03	-5.4528E-03	-4.4685E-03
6.9183E-04	3.8721E-03	4.9188E-03	-5.4995E-03	-4.5022E-03
6.9823E-04	3.9062E-03	4.9656E-03	-5.5465E-03	-4.5362E-03
7.0469E-04	3.9405E-03	5.0128E-03	-5.5940E-03	-4.5704E-03
7.1121E-04	3.9752E-03	5.0604E-03	-5.6418E-03	-4.6049E-03
7.1779E-04	4.0102E-03	5.1084E-03	-5.6900E-03	-4.6396E-03
7.2444E-04	4.0454E-03	5.1568E-03	-5.7385E-03	-4.6746E-03
7.3114E-04	4.0809E-03	5.2057E-03	-5.7875E-03	-4.7098E-03
7.3790E-04	4.1168E-03	5.2549E-03	-5.8368E-03	-4.7453E-03
7.4473E-04	4.1529E-03	5.3045E-03	-5.8866E-03	-4.7811E-03
7.5162E-04	4.1893E-03	5.3546E-03	-5.9367E-03	-4.8171E-03
7.5858E-04	4.2261E-03	5.4051E-03	-5.9873E-03	-4.8534E-03
7.6560E-04	4.2631E-03	5.4560E-03	-6.0382E-03	-4.8899E-03
7.7268E-04	4.3004E-03	5.5073E-03	-6.0896E-03	-4.9268E-03
7.7983E-04	4.3381E-03	5.5591E-03	-6.1414E-03	-4.9639E-03
7.8705E-04	4.3760E-03	5.6113E-03	-6.1935E-03	-5.0012E-03
7.9433E-04	4.4143E-03	5.6639E-03	-6.2461E-03	-5.0389E-03
8.0168E-04	4.4529E-03	5.7169E-03	-6.2991E-03	-5.0768E-03
8.0910E-04	4.4918E-03	5.7704E-03	-6.3526E-03	-5.1150E-03
8.1658E-04	4.5310E-03	5.8244E-03	-6.4064E-03	-5.1535E-03
8.2414E-04	4.5705E-03	5.8788E-03	-6.4607E-03	-5.1923E-03
8.3176E-04	4.6104E-03	5.9336E-03	-6.5154E-03	-5.2313E-03
8.3946E-04	4.6506E-03	5.9889E-03	-6.5705E-03	-5.2707E-03
8.4723E-04	4.6911E-03	6.0446E-03	-6.6261E-03	-5.3103E-03
8.5507E-04	4.7320E-03	6.1008E-03	-6.6821E-03	-5.3503E-03
8.6298E-04	4.7731E-03	6.1575E-03	-6.7386E-03	-5.3905E-03
8.7096E-04	4.8147E-03	6.2146E-03	-6.7955E-03	-5.4310E-03
8.7902E-04	4.8565E-03	6.2722E-03	-6.8528E-03	-5.4718E-03
8.8716E-04	4.8987E-03	6.3302E-03	-6.9106E-03	-5.5129E-03
8.9536E-04	4.9413E-03	6.3887E-03	-6.9688E-03	-5.5543E-03
9.0365E-04	4.9841E-03	6.4477E-03	-7.0275E-03	-5.5960E-03
9.1201E-04	5.0274E-03	6.5072E-03	-7.0867E-03	-5.6380E-03
9.2045E-04	5.0710E-03	6.5672E-03	-7.1463E-03	-5.6804E-03
9.2897E-04	5.1149E-03	6.6276E-03	-7.2063E-03	-5.7230E-03
9.3756E-04	5.1592E-03	6.6886E-03	-7.2669E-03	-5.7659E-03
9.4624E-04	5.2038E-03	6.7500E-03	-7.3279E-03	-5.8092E-03
9.5499E-04	5.2488E-03	6.8119E-03	-7.3894E-03	-5.8528E-03
9.6383E-04	5.2942E-03	6.8743E-03	-7.4513E-03	-5.8967E-03
9.7275E-04	5.3399E-03	6.9373E-03	-7.5138E-03	-5.9409E-03
9.8175E-04	5.3860E-03	7.0007E-03	-7.5767E-03	-5.9854E-03
9.9083E-04	5.4325E-03	7.0646E-03	-7.6401E-03	-6.0303E-03
1.0000E-03	5.4793E-03	7.1290E-03	-7.7040E-03	-6.0755E-03
1.0093E-03	5.5266E-03	7.1940E-03	-7.7684E-03	-6.1210E-03
1.0186E-03	5.5742E-03	7.2595E-03	-7.8333E-03	-6.1668E-03
1.0280E-03	5.6221E-03	7.3255E-03	-7.8987E-03	-6.2130E-03
1.0375E-03	5.6705E-03	7.3920E-03	-7.9646E-03	-6.2595E-03
1.0471E-03	5.7192E-03	7.4590E-03	-8.0310E-03	-6.3063E-03
1.0568E-03	5.7684E-03	7.5266E-03	-8.0979E-03	-6.3535E-03
1.0666E-03	5.8179E-03	7.5947E-03	-8.1653E-03	-6.4010E-03
1.0765E-03	5.8678E-03	7.6633E-03	-8.2332E-03	-6.4489E-03
1.0864E-03	5.9181E-03	7.7325E-03	-8.3016E-03	-6.4971E-03
1.0965E-03	5.9688E-03	7.8022E-03	-8.3706E-03	-6.5457E-03
1.1066E-03	6.0199E-03	7.8725E-03	-8.4401E-03	-6.5946E-03
1.1169E-03	6.0714E-03	7.9433E-03	-8.5101E-03	-6.6438E-03
1.1272E-03	6.1233E-03	8.0146E-03	-8.5806E-03	-6.6935E-03
1.1376E-03	6.1757E-03	8.0865E-03	-8.6517E-03	-6.7434E-03
1.1482E-03	6.2284E-03	8.1590E-03	-8.7233E-03	-6.7938E-03
1.1588E-03	6.2816E-03	8.2321E-03	-8.7955E-03	-6.8445E-03
1.1695E-03	6.3351E-03	8.3057E-03	-8.8681E-03	-6.8955E-03
1.1803E-03	6.3891E-03	8.3798E-03	-8.9414E-03	-6.9469E-03
1.1912E-03	6.4435E-03	8.4546E-03	-9.0152E-03	-6.9987E-03
1.2023E-03	6.4984E-03	8.5299E-03	-9.0895E-03	-7.0509E-03
1.2134E-03	6.5536E-03	8.6058E-03	-9.1644E-03	-7.1034E-03
1.2246E-03	6.6093E-03	8.6823E-03	-9.2399E-03	-7.1563E-03
1.2359E-03	6.6655E-03	8.7593E-03	-9.3159E-03	-7.2096E-03
1.2474E-03	6.7220E-03	8.8370E-03	-9.3925E-03	-7.2633E-03
1.2589E-03	6.7790E-03	8.9152E-03	-9.4697E-03	-7.3173E-03
1.2706E-03	6.8365E-03	8.9941E-03	-9.5474E-03	-7.3718E-03
1.2823E-03	6.8944E-03	9.0735E-03	-9.6257E-03	-7.4266E-03
1.2942E-03	6.9527E-03	9.1536E-03	-9.7046E-03	-7.4818E-03
1.3062E-03	7.0115E-03	9.2342E-03	-9.7841E-03	-7.5374E-03
1.3183E-03	7.0707E-03	9.3155E-03	-9.8642E-03	-7.5934E-03
1.3305E-03	7.1304E-03	9.3973E-03	-9.9448E-03	-7.6498E-03
1.3428E-03	7.1906E-03	9.4798E-03	-1.0026E-02	-7.7066E-03
1.3552E-03	7.2512E-03	9.5629E-03	-1.0108E-02	-7.7638E-03
1.3677E-03	7.3123E-03	9.6467E-03	-1.0190E-02	-7.8214E-03
1.3804E-03	7.3739E-03	9.7310E-03	-1.0273E-02	-7.8794E-03
1.3932E-03	7.4359E-03	9.8160E-03	-1.0357E-02	-7.9378E-03
1.4060E-03	7.4984E-03	9.9016E-03	-1.0441E-02	-7.9966E-03
1.4191E-03	7.5613E-03	9.9879E-03	-1.0526E-02	-8.0558E-03
1.4322E-03	7.6248E-03	1.0075E-02	-1.0612E-02	-8.1155E-03
1.4454E-03	7.6887E-03	1.0162E-02	-1.0698E-02	-8.1756E-03
1.4588E-03	7.7531E-03	1.0250E-02	-1.0785E-02	-8.2361E-03
1.4723E-03	7.8180E-03	1.0339E-02	-1.0872E-02	-8.2970E-03
1.4859E-03	7.8834E-03	1.0429E-02	-1.0960E-02	-8.3583E-03
1.4997E-03	7.9493E-03	1.0519E-02	-1.1049E-02	-8.4201E-03
1.5136E-03	8.0157E-03	1.0610E-02	-1.1138E-02	-8.4823E-03
1.5276E-03	8.0826E-03	1.0701E-02	-1.1228E-02	-8.5450E-03
1.5417E-03	8.1500E-03	1.0793E-02	-1.1319E-02	-8.6080E-03
1.5560E-03	8.2179E-03	1.0886E-02	-1.1410E-02	-8.6716E-03
1.5704E-03	8.2863E-03	1.0980E-02	-1.1502E-02	-8.7355E-03
1.5849E-03	8.3552E-03	1.1074E-02	-1.1594E-02	-8.7999E-03
1.5996E-03	8.4247E-03	1.1169E-02	-1.1687E-02	-8.8648E-03
1.6144E-03	8.4946E-03	1.1264E-02	-1.1781E-02	-8.9301E-03
1.6293E-03	8.5651E-03	1.1360E-02	-1.1876E-02	-8.9958E-03
1.6444E-03	8.6361E-03	1.1457E-02	-1.1971E-02	-9.0620E-03
1.6596E-03	8.7076E-03	1.1555E-02	-1.2067E-02	-9.1287E-03
1.6749E-03	8.7797E-03	1.1653E-02	-1.2164E-02	-9.1958E-03
1.6904E-03	8.8523E-03	1.1752E-02	-1.2261E-02	-9.2634E-03
1.7061E-03	8.9254E-03	1.1852E-02	-1.2359E-02	-9.3315E-03
1.7219E-03	8.9990E-03	1.1952E-02	-1.2457E-02	-9.4000E-03
1.7378E-03	9.0733E-03	1.2053E-02	-1.2557E-02	-9.4690E-03
1.7539E-03	9.1480E-03	1.2155E-02	-1.2657E-02	-9.5385E-03
1.7701E-03	9.2233E-03	1.2258E-02	-1.2757E-02	-9.6085E-03
1.7865E-03	9.2992E-03	1.2361E-02	-1.2859E-02	-9.6789E-03
1.8030E-03	9.3756E-03	1.2465E-02	-1.2961E-02	-9.7498E-03
1.8197E-03	9.4525E-03	1.2570E-02	-1.3064E-02	-9.8212E-03
1.8365E-03	9.5301E-03	1.2675E-02	-1.3167E-02	-9.8931E-03
1.8535E-03	9.6082E-03	1.2782E-02	-1.3272E-02	-9.9654E-03
1.8707E-03	9.6868E-03	1.2889E-02	-1.3377E-02	-1.0038E-02
1.8880E-03	9.7660E-03	1.2996E-02	-1.3482E-02	-1.0112E-02
1.9055E-03	9.8458E-03	1.3105E-02	-1.3589E-02	-1.0186E-02
1.9231E-03	9.9262E-03	1.3214E-02	-1.3696E-02	-1.0260E-02
1.9409E-03	1.0007E-02	1.3324E-02	-1.3804E-02	-1.0335E-02
1.9588E-03	1.0089E-02	1.3435E-02	-1.3913E-02	-1.0410E-02
1.9770E-03	1.0171E-02	1.3546E-02	-1.4022E-02	-1.0486E-02
1.9953E-03	1.0254E-02	1.3658E-02	-1.4132E-02	-1.0562E-02
2.0137E-03	1.0337E-02	1.3771E-02	-1.4243E-02	-1.0639E-02
2.0324E-03	1.0421E-02	1.3885E-02	-1.4355E-02	-1.0717E-02
2.0512E-03	1.0505E-02	1.4000E-02	-1.4467E-02	-1.0795E-02
2.0701E-03	1.0590E-02	1.4115E-02	-1.4580E-02	-1.0873E-02
2.0893E-03	1.0676E-02	1.4231E-02	-1.4694E-02	-1.0952E-02
2.1086E-03	1.0762E-02	1.4348E-02	-1.4809E-02	-1.1032E-02
2.1281E-03	1.0849E-02	1.4466E-02	-1.4925E-02	-1.1112E-02
2.1478E-03	1.0937E-02	1.4584E-02	-1.5041E-02	-1.1192E-02
2.1677E-03	1.1025E-02	1.4704E-02	-1.5158E-02	-1.1274E-02
2.1878E-03	1.1114E-02	1.4824E-02	-1.5276E-02	-1.1355E-02
2.2080E-03	1.1203E-02	1.4945E-02	-1.5394E-02	-1.1437E-02
2.2284E-03	1.1293E-02	1.5066E-02	-1.5514E-02	-1.1520E-02
2.2491E-03	1.1384E-02	1.5189E-02	-1.5634E-02	-1.1604E-02
2.2699E-03	1.1475E-02	1.5312E-02	-1.5755E-02	-1.1687E-02
2.2909E-03	1.1567E-02	1.5436E-02	-1.5877E-02	-1.1772E-02
2.3121E-03	1.1660E-02	1.5561E-02	-1.6000E-02	-1.1857E-02
2.3335E-03	1.1753E-02	1.5687E-02	-1.6123E-02	-1.1942E-02
2.3550E-03	1.1847E-02	1.5814E-02	-1.6247E-02	-1.2029E-02
2.3768E-03	1.1942E-02	1.5941E-02	-1.6372E-02	-1.2115E-02
2.3988E-03	1.2037E-02	1.6069E-02	-1.6498E-02	-1.2202E-02
2.4210E-03	1.2133E-02	1.6198E-02	-1.6625E-02	-1.2290E-02
2.4434E-03	1.2229E-02	1.6328E-02	-1.6753E-02	-1.2379E-02
2.4660E-03	1.2326E-02	1.6459E-02	-1.6881E-02	-1.2468E-02
2.4889E-03	1.2424E-02	1.6591E-02	-1.7010E-02	-1.2557E-02
2.5119E-03	1.2523E-02	1.6723E-02	-1.7140E-02	-1.2647E-02
2.5351E-03	1.2622E-02	1.6857E-02	-1.7271E-02	-1.2738E-02
2.5586E-03	1.2722E-02	1.6991E-02	-1.7403E-02	-1.2829E-02
2.5823E-03	1.2822E-02	1.7126E-02	-1.7536E-02	-1.2921E-02
2.6062E-03	1.2923E-02	1.7262E-02	-1.7669E-02	-1.3014E-02
2.6303E-03	1.3025E-02	1.7399E-02	-1.7804E-02	-1.3107E-02
2.6546E-03	1.3128E-02	1.7536E-02	-1.7939E-02	-1.3201E-02
2.6792E-03	1.3231E-02	1.7675E-02	-1.8075E-02	-1.3295E-02
2.7040E-03	1.3335E-02	1.7814E-02	-1.8212E-02	-1.3390E-02
2.7290E-03	1.3440E-02	1.7955E-02	-1.8349E-02	-1.3485E-02
2.7542E-03	1.3545E-02	1.8096E-02	-1.8488E-02	-1.3582E-02
2.7797E-03	1.3651E-02	1.8238E-02	-1.8628E-02	-1.3678E-02
2.8054E-03	1.3758E-02	1.8381E-02	-1.8768E-02	-1.3776E-02
2.8314E-03	1.3866E-02	1.8525E-02	-1.8910E-02	-1.3874E-02
2.8576E-03	1.3974E-02	1.8670E-02	-1.9052E-02	-1.3972E-02
2.8840E-03	1.4083E-02	1.8815E-02	-1.9195E-02	-1.4072E-02
2.9107E-03	1.4193E-02	1.8962E-02	-1.9339E-02	-1.4172E-02
2.9376E-03	1.4303E-02	1.9109E-02	-1.9484E-02	-1.4272E-02
2.9648E-03	1.4414E-02	1.9258E-02	-1.9630E-02	-1.4373E-02
2.9923E-03	1.4526E-02	1.9407E-02	-1.9776E-02	-1.4475E-02
3.0200E-03	1.4639E-02	1.9557E-02	-1.9924E-02	-1.4578E-02
3.0479E-03	1.4752E-02	1.9708E-02	-2.0073E-02	-1.4681E-02
3.0761E-03	1.4866E-02	1.9860E-02	-2.0222E-02	-1.4785E-02
3.1046E-03	1.4981E-02	2.0013E-02	-2.0373E-02	-1.4889E-02
3.1333E-03	1.5097E-02	2.0167E-02	-2.0524E-02	-1.4994E-02
3.1623E-03	1.5213E-02	2.0322E-02	-2.0676E-02	-1.5100E-02
3.1915E-03	1.5330E-02	2.0478E-02	-2.0829E-02	-1.5206E-02
3.2211E-03	1.5448E-02	2.0635E-02	-2.0983E-02	-1.5313E-02
3.2509E-03	1.5566E-02	2.0792E-02	-2.1139E-02	-1.5421E-02
3.2810E-03	1.5686E-02	2.0951E-02	-2.1295E-02	-1.5529E-02
3.3113E-03	1.5806E-02	2.1111E-02	-2.1452E-02	-1.5639E-02
3.3420E-03	1.5927E-02	2.1271E-02	-2.1610E-02	-1.5748E-02
3.3729E-03	1.6049E-02	2.1433E-02	-2.1768E-02	-1.5859E-02
3.4041E-03	1.6171E-02	2.1595E-02	-2.1928E-02	-1.5970E-02
3.4356E-03	1.6294E-02	2.1758E-02	-2.2089E-02	-1.6082E-02
3.4674E-03	1.6418E-02	2.1923E-02	-2.2251E-02	-1.6194E-02
3.4995E-03	1.6543E-02	2.2088E-02	-2.2414E-02	-1.6307E-02
3.5318E-03	1.6669E-02	2.2254E-02	-2.2577E-02	-1.6421E-02
3.5645E-03	1.6795E-02	2.2422E-02	-2.2742E-02	-1.6536E-02
3.5975E-03	1.6922E-02	2.2590E-02	-2.2908E-02	-1.6651E-02
3.6308E-03	1.7050E-02	2.2759E-02	-2.3074E-02	-1.6767E-02
3.6644E-03	1.7179E-02	2.2930E-02	-2.3242E-02	-1.6884E-02
3.6983E-03	1.7309E-02	2.3101E-02	-2.3411E-02	-1.7001E-02
3.7325E-03	1.7439E-02	2.3273E-02	-2.3580E-02	-1.7119E-02
3.7670E-03	1.7571E-02	2.3446E-02	-2.3751E-02	-1.7238E-02
3.8019E-03	1.7703E-02	2.3620E-02	-2.3922E-02	-1.7358E-02
3.8371E-03	1.7836E-02	2.3796E-02	-2.4095E-02	-1.7478E-02
3.8726E-03	1.7969E-02	2.3972E-02	-2.4269E-02	-1.7599E-02
3.9084E-03	1.8104E-02	2.4149E-02	-2.4443E-02	-1.7721E-02
3.9446E-03	1.8239E-02	2.4327E-02	-2.4619E-02	-1.7844E-02
3.9811E-03	1.8375E-02	2.4506E-02	-2.4796E-02	-1.7967E-02
4.0179E-03	1.8512E-02	2.4687E-02	-2.4973E-02	-1.8091E-02
4.0551E-03	1.8650E-02	2.4868E-02	-2.5152E-02	-1.8215E-02
4.0926E-03	1.8789E-02	2.5050E-02	-2.5332E-02	-1.8341E-02
4.1305E-03	1.8929E-02	2.5234E-02	-2.5513E-02	-1.8467E-02
4.1687E-03	1.9069E-02	2.5418E-02	-2.5695E-02	-1.8594E-02
4.2073E-03	1.9210E-02	2.5603E-02	-2.5877E-02	-1.8722E-02
4.2462E-03	1.9352E-02	2.5790E-02	-2.6061E-02	-1.8850E-02
4.2855E-03	1.9495E-02	2.5977E-02	-2.6246E-02	-1.8979E-02
4.3251E-03	1.9639E-02	2.6166E-02	-2.6432E-02	-1.9109E-02
4.3652E-03	1.9784E-02	2.6355E-02	-2.6619E-02	-1.9240E-02
4.4055E-03	1.9930E-02	2.6546E-02	-2.6807E-02	-1.9372E-02
4.4463E-03	2.0076E-02	2.6737E-02	-2.6997E-02	-1.9504E-02
4.4875E-03	2.0223E-02	2.6930E-02	-2.7187E-02	-1.9637E-02
4.5290E-03	2.0372E-02	2.7124E-02	-2.7378E-02	-1.9771E-02
4.5709E-03	2.0521E-02	2.7318E-02	-2.7570E-02	-1.9906E-02
4.6132E-03	2.0671E-02	2.7514E-02	-2.7764E-02	-2.0041E-02
4.6559E-03	2.0822E-02	2.7711E-02	-2.7958E-02	-2.0177E-02
4.6989E-03	2.0973E-02	2.7909E-02	-2.8154E-02	-2.0314E-02
4.7424E-03	2.1126E-02	2.8108E-02	-2.8351E-02	-2.0452E-02
4.7863E-03	2.1280E-02	2.8308E-02	-2.8548E-02	-2.0591E-02
4.8306E-03	2.1434E-02	2.8509E-02	-2.8747E-02	-2.0730E-02
4.8753E-03	2.1589E-02	2.8712E-02	-2.8947E-02	-2.0870E-02
4.9204E-03	2.1746E-02	2.8915E-02	-2.9148E-02	-2.1011E-02
4.9659E-03	2.1903E-02	2.9119E-02	-2.9350E-02	-2.1153E-02
5.0119E-03	2.2061E-02	2.9325E-02	-2.9553E-02	-2.1296E-02
5.0582E-03	2.2220E-02	2.9532E-02	-2.9758E-02	-2.1439E-02
5.1050E-03	2.2380E-02	2.9739E-02	-2.9963E-02	-2.1583E-02
5.1523E-03	2.2541E-02	2.9948E-02	-3.0170E-02	-2.1729E-02
5.2000E-03	2.2703E-02	3.0158E-02	-3.0377E-02	-2.1874E-02
5.2481E-03	2.2865E-02	3.0369E-02	-3.0586E-02	-2.2021E-02
5.2966E-03	2.3029E-02	3.0581E-02	-3.0796E-02	-2.2169E-02
5.3456E-03	2.3194E-02	3.0794E-02	-3.1007E-02	-2.2317E-02
5.3951E-03	2.3359E-02	3.1008E-02	-3.1219E-02	-2.2466E-02
5.4450E-03	2.3526E-02	3.1224E-02	-3.1432E-02	-2.2617E-02
5.4954E-03	2.3693E-02	3.1440E-02	-3.1647E-02	-2.2767E-02
5.5463E-03	2.3861E-02	3.1658E-02	-3.1862E-02	-2.2919E-02
5.5976E-03	2.4031E-02	3.1877E-02	-3.2079E-02	-2.3072E-02
5.6494E-03	2.4201E-02	3.2097E-02	-3.2296E-02	-2.3225E-02
5.7016E-03	2.4372E-02	3.2318E-02	-3.2515E-02	-2.3380E-02
5.7544E-03	2.4544E-02	3.2540E-02	-3.2735E-02	-2.3535E-02
5.8076E-03	2.4718E-02	3.2763E-02	-3.2957E-02	-2.3691E-02
5.8614E-03	2.4892E-02	3.2987E-02	-3.3179E-02	-2.3848E-02
5.9156E-03	2.5067E-02	3.3213E-02	-3.3403E-02	-2.4006E-02
5.9704E-03	2.5243E-02	3.3440E-02	-3.3627E-02	-2.4164E-02
6.0256E-03	2.5420E-02	3.3667E-02	-3.3853E-02	-2.4324E-02
6.0814E-03	2.5598E-02	3.3896E-02	-3.4080E-02	-2.4484E-02
6.1376E-03	2.5777E-02	3.4127E-02	-3.4308E-02	-2.4645E-02
6.1944E-03	2.5957E-02	3.4358E-02	-3.4538E-02	-2.4808E-02
6.2517E-03	2.6138E-02	3.4590E-02	-3.4768E-02	-2.4971E-02
6.3096E-03	2.6320E-02	3.4824E-02	-3.5000E-02	-2.5134E-02
6.3680E-03	2.6503E-02	3.5059E-02	-3.5233E-02	-2.5299E-02
6.4269E-03	2.6687E-02	3.5295E-02	-3.5467E-02	-2.5465E-02
6.4863E-03	2.6872E-02	3.5532E-02	-3.5702E-02	-2.5632E-02
6.5464E-03	2.7058E-02	3.5770E-02	-3.5939E-02	-2.5799E-02
6.6069E-03	2.7245E-02	3.6009E-02	-3.6176E-02	-2.5968E-02
6.6681E-03	2.7433E-02	3.6250E-02	-3.6415E-02	-2.6137E-02
6.7298E-03	2.7622E-02	3.6492E-02	-3.6655E-02	-2.6307E-02
6.7920E-03	2.7812E-02	3.6735E-02	-3.6896E-02	-2.6478E-02
6.8549E-03	2.8003E-02	3.6979E-02	-3.7139E-02	-2.6650E-02
6.9183E-03	2.8196E-02	3.7224E-02	-3.7382E-02	-2.6823E-02
6.9823E-03	2.8389E-02	3.7471E-02	-3.7627E-02	-2.6997E-02
7.0469E-03	2.8583E-02	3.7718E-02	-3.7873E-02	-2.7172E-02
7.1121E-03	2.8778E-02	3.7967E-02	-3.8121E-02	-2.7348E-02
7.1779E-03	2.8975E-02	3.8217E-02	-3.8369E-02	-2.7524E-02
7.2444E-03	2.9172E-02	3.8469E-02	-3.8619E-02	-2.7702E-02
7.3114E-03	2.9370E-02	3.8721E-02	-3.8870E-02	-2.7881E-02
7.3790E-03	2.9570E-02	3.8975E-02	-3.9122E-02	-2.8060E-02
7.4473E-03	2.9770E-02	3.9230E-02	-3.9375E-02	-2.8241E-02
7.5162E-03	2.9972E-02	3.9486E-02	-3.9630E-02	-2.8422E-02
7.5858E-03	3.0174E-02	3.9744E-02	-3.9886E-02	-2.8604E-02
7.6560E-03	3.0378E-02	4.0002E-02	-4.0143E-02	-2.8788E-02
7.7268E-03	3.0583E-02	4.0262E-02	-4.0401E-02	-2.8972E-02
7.7983E-03	3.0788E-02	4.0523E-02	-4.0661E-02	-2.9157E-02
7.8705E-03	3.0995E-02	4.0785E-02	-4.0922E-02	-2.9343E-02
7.9433E-03	3.1203E-02	4.1049E-02	-4.1184E-02	-2.9530E-02
8.0168E-03	3.1412E-02	4.1314E-02	-4.1447E-02	-2.9718E-02
8.0910E-03	3.1622E-02	4.1580E-02	-4.1712E-02	-2.9907E-02
8.1658E-03	3.1834E-02	4.1847E-02	-4.1978E-02	-3.0098E-02
8.2414E-03	3.2046E-02	4.2115E-02	-4.2245E-02	-3.0289E-02
8.3176E-03	3.2259E-02	4.2385E-02	-4.2513E-02	-3.0481E-02
8.3946E-03	3.2474E-02	4.2656E-02	-4.2783E-02	-3.0673E-02
8.4723E-03	3.2689E-02	4.2929E-02	-4.3054E-02	-3.0867E-02
8.5507E-03	3.2906E-02	4.3202E-02	-4.3326E-02	-3.1062E-02
8.6298E-03	3.3124E-02	4.3477E-02	-4.3600E-02	-3.1258E-02
8.7096E-03	3.3343E-02	4.3753E-02	-4.3875E-02	-3.1455E-02
8.7902E-03	3.3563E-02	4.4030E-02	-4.4151E-02	-3.1653E-02
8.8716E-03	3.3784E-02	4.4309E-02	-4.4428E-02	-3.1852E-02
8.9536E-03	3.4006E-02	4.4589E-02	-4.4707E-02	-3.2052E-02
9.0365E-03	3.4230E-02	4.4870E-02	-4.4987E-02	-3.2253E-02
9.1201E-03	3.4454E-02	4.5152E-02	-4.5268E-02	-3.2455E-02
9.2045E-03	3.4680E-02	4.5436E-02	-4.5551E-02	-3.2658E-02
9.2897E-03	3.4907E-02	4.5721E-02	-4.5835E-02	-3.2862E-02
9.3756E-03	3.5135E-02	4.6008E-02	-4.6120E-02	-3.3067E-02
9.4624E-03	3.5364E-02	4.6295E-02	-4.6406E-02	-3.3273E-02
9.5499E-03	3.5594E-02	4.6584E-02	-4.6694E-02	-3.3480E-02
9.6383E-03	3.5826E-02	4.6874E-02	-4.6983E-02	-3.3688E-02
9.7275E-03	3.6058E-02	4.7166E-02	-4.7274E-02	-3.3897E-02
9.8175E-03	3.6292E-02	4.7459E-02	-4.7566E-02	-3.4107E-02
9.9083E-03	3.6527E-02	4.7753E-02	-4.7859E-02	-3.4319E-02
1.0000E-02	3.6763E-02	4.8049E-02	-4.8153E-02	-3.4531E-02
1.1984E-02	4.1647E-02	5.4131E-02	-5.4216E-02	-3.8918E-02
1.3968E-02	4.6162E-02	5.9706E-02	-5.9771E-02	-4.2967E-02
1.5952E-02	5.0379E-02	6.4876E-02	-6.4918E-02	-4.6740E-02
1.7936E-02	5.4352E-02	6.9718E-02	-6.9729E-02	-5.0285E-02
1.9920E-02	5.8122E-02	7.4285E-02	-7.4257E-02	-5.3636E-02
2.1904E-02	6.1719E-02	7.8623E-02	-7.8545E-02	-5.6821E-02
2.3888E-02	6.5168E-02	8.2764E-02	-8.2625E-02	-5.9863E-02
2.5872E-02	6.8491E-02	8.6737E-02	-8.6525E-02	-6.2778E-02
2.7856E-02	7.1704E-02	9.0562E-02	-9.0265E-02	-6.5583E-02
2.9840E-02	7.4821E-02	9.4258E-02	-9.3864E-02	-6.8289E-02
3.1824E-02	7.7852E-02	9.7841E-02	-9.7337E-02	-7.0906E-02
3.3808E-02	8.0809E-02	1.0132E-01	-1.0070E-01	-7.3444E-02
3.5792E-02	8.3700E-02	1.0472E-01	-1.0395E-01	-7.5909E-02
3.7776E-02	8.6532E-02	1.0803E-01	-1.0712E-01	-7.8309E-02
3.9760E-02	8.9311E-02	1.1127E-01	-1.1019E-01	-8.0649E-02
4.1743E-02	9.2042E-02	1.1444E-01	-1.1319E-01	-8.2933E-02
4.3727E-02	9.4732E-02	1.1755E-01	-1.1612E-01	-8.5167E-02
4.5711E-02	9.7383E-02	1.2061E-01	-1.1898E-01	-8.7354E-02
4.7695E-02	1.0000E-01	1.2362E-01	-1.2178E-01	-8.9498E-02
4.9679E-02	1.0259E-01	1.2659E-01	-1.2452E-01	-9.1601E-02
5.1663E-02	1.0515E-01	1.2952E-01	-1.2721E-01	-9.3667E-02
5.3647E-02	1.0768E-01	1.3240E-01	-1.2985E-01	-9.5697E-02
5.5631E-02	1.1019E-01	1.3526E-01	-1.3244E-01	-9.7695E-02
5.7615E-02	1.1268E-01	1.3808E-01	-1.3498E-01	-9.9661E-02
5.9599E-02	1.1516E-01	1.4087E-01	-1.3749E-01	-1.0160E-01
6.1583E-02	1.1761E-01	1.4364E-01	-1.3995E-01	-1.0351E-01
6.3567E-02	1.2006E-01	1.4638E-01	-1.4238E-01	-1.0539E-01
6.5551E-02	1.2248E-01	1.4909E-01	-1.4477E-01	-1.0725E-01
6.7535E-02	1.2490E-01	1.5179E-01	-1.4712E-01	-1.0909E-01
6.9519E-02	1.2731E-01	1.5447E-01	-1.4945E-01	-1.1091E-01
7.1503E-02	1.2971E-01	1.5713E-01	-1.5174E-01	-1.1270E-01
7.3487E-02	1.3210E-01	1.5977E-01	-1.5401E-01	-1.1448E-01
7.5471E-02	1.3448E-01	1.6240E-01	-1.5624E-01	-1.1623E-01
7.7455E-02	1.3686E-01	1.6501E-01	-1.5845E-01	-1.1797E-01
7.9439E-02	1.3923E-01	1.6761E-01	-1.6063E-01	-1.1969E-01
8.1423E-02	1.4160E-01	1.7019E-01	-1.6279E-01	-1.2140E-01
8.3407E-02	1.4396E-01	1.7277E-01	-1.6493E-01	-1.2309E-01
8.5391E-02	1.4632E-01	1.7534E-01	-1.6704E-01	-1.2476E-01
8.7375E-02	1.4868E-01	1.7789E-01	-1.6913E-01	-1.2642E-01
8.9359E-02	1.5104E-01	1.8044E-01	-1.7119E-01	-1.2807E-01
9.1343E-02	1.5339E-01	1.8298E-01	-1.7324E-01	-1.2970E-01
9.3327E-02	1.5575E-01	1.8551E-01	-1.7527E-01	-1.3132E-01
9.5311E-02	1.5810E-01	1.8804E-01	-1.7728E-01	-1.3293E-01
9.7295E-02	1.6046E-01	1.9056E-01	-1.7927E-01	-1.3453E-01
9.9279E-02	1.6282E-01	1.9307E-01	-1.8124E-01	-1.3611E-01
1.0126E-01	1.6518E-01	1.9558E-01	-1.8319E-01	-1.3769E-01
1.0325E-01	1.6754E-01	1.9808E-01	-1.8513E-01	-1.3925E-01
1.0523E-01	1.6990E-01	2.0058E-01	-1.8705E-01	-1.4081E-01
1.0721E-01	1.7227E-01	2.0308E-01	-1.8895E-01	-1.4236E-01
1.0920E-01	1.7464E-01	2.0557E-01	-1.9084E-01	-1.4389E-01
1.1118E-01	1.7701E-01	2.0806E-01	-1.9272E-01	-1.4542E-01
1.1317E-01	1.7938E-01	2.1055E-01	-1.9458E-01	-1.4694E-01
1.1515E-01	1.8176E-01	2.1304E-01	-1.9642E-01	-1.4845E-01
1.1713E-01	1.8414E-01	2.1552E-01	-1.9825E-01	-1.4995E-01
1.1912E-01	1.8653E-01	2.1800E-01	-2.0007E-01	-1.5145E-01
1.2110E-01	1.8892E-01	2.2048E-01	-2.0187E-01	-1.5293E-01
1.2309E-01	1.9132E-01	2.2296E-01	-2.0366E-01	-1.5441E-01
1.2507E-01	1.9372E-01	2.2544E-01	-2.0543E-01	-1.5589E-01
1.2705E-01	1.9613E-01	2.2792E-01	-2.0720E-01	-1.5735E-01
1.2904E-01	1.9854E-01	2.3040E-01	-2.0895E-01	-1.5881E-01
1.3102E-01	2.0096E-01	2.3288E-01	-2.1069E-01	-1.6027E-01
1.3301E-01	2.0338E-01	2.3536E-01	-2.1242E-01	-1.6171E-01
1.3499E-01	2.0581E-01	2.3785E-01	-2.1413E-01	-1.6315E-01
1.3697E-01	2.0825E-01	2.4033E-01	-2.1584E-01	-1.6459E-01
1.3896E-01	2.1069E-01	2.4281E-01	-2.1753E-01	-1.6602E-01
1.4094E-01	2.1314E-01	2.4529E-01	-2.1921E-01	-1.6744E-01
1.4293E-01	2.1559E-01	2.4778E-01	-2.2089E-01	-1.6886E-01
1.4491E-01	2.1805E-01	2.5026E-01	-2.2255E-01	-1.7028E-01
1.4689E-01	2.2052E-01	2.5275E-01	-2.2420E-01	-1.7168E-01
1.4888E-01	2.2299E-01	2.5524E-01	-2.2584E-01	-1.7309E-01
1.5086E-01	2.2547E-01	2.5773E-01	-2.2747E-01	-1.7449E-01
1.5285E-01	2.2796E-01	2.6023E-01	-2.2909E-01	-1.7588E-01
1.5483E-01	2.3045E-01	2.6272E-01	-2.3070E-01	-1.7727E-01
1.5681E-01	2.3295E-01	2.6522E-01	-2.3231E-01	-1.7866E-01
1.5880E-01	2.3546E-01	2.6772E-01	-2.3390E-01	-1.8004E-01
1.6078E-01	2.3798E-01	2.7023E-01	-2.3548E-01	-1.8142E-01
1.6277E-01	2.4050E-01	2.7273E-01	-2.3706E-01	-1.8280E-01
1.6475E-01	2.4303E-01	2.7524E-01	-2.3862E-01	-1.8417E-01
1.6673E-01	2.4556E-01	2.7775E-01	-2.4018E-01	-1.8553E-01
1.6872E-01	2.4811E-01	2.8027E-01	-2.4173E-01	-1.8690E-01
1.7070E-01	2.5066E-01	2.8278E-01	-2.4327E-01	-1.8826E-01
1.7269E-01	2.5322E-01	2.8530E-01	-2.4480E-01	-1.8962E-01
1.7467E-01	2.5578E-01	2.8783E-01	-2.4632E-01	-1.9097E-01
1.7665E-01	2.5836E-01	2.9035E-01	-2.4784E-01	-1.9232E-01
1.7864E-01	2.6094E-01	2.9288E-01	-2.4934E-01	-1.9367E-01
1.8062E-01	2.6352E-01	2.9541E-01	-2.5084E-01	-1.9501E-01
1.8261E-01	2.6612E-01	2.9795E-01	-2.5233E-01	-1.9635E-01
1.8459E-01	2.6872E-01	3.0049E-01	-2.5381E-01	-1.9769E-01
1.8657E-01	2.7133E-01	3.0303E-01	-2.5529E-01	-1.9903E-01
1.8856E-01	2.7395E-01	3.0558E-01	-2.5676E-01	-2.0036E-01
1.9054E-01	2.7657E-01	3.0813E-01	-2.5822E-01	-2.0169E-01
1.9253E-01	2.7920E-01	3.1068E-01	-2.5967E-01	-2.0302E-01
1.9451E-01	2.8184E-01	3.1324E-01	-2.6111E-01	-2.0435E-01
1.9649E-01	2.8449E-01	3.1580E-01	-2.6255E-01	-2.0567E-01
1.9848E-01	2.8714E-01	3.1836E-01	-2.6398E-01	-2.0700E-01
2.0046E-01	2.8980E-01	3.2093E-01	-2.6541E-01	-2.0832E-01
2.0244E-01	2.9247E-01	3.2350E-01	-2.6682E-01	-2.0964E-01
2.0443E-01	2.9514E-01	3.2607E-01	-2.6823E-01	-2.1095E-01
2.0641E-01	2.9782E-01	3.2865E-01	-2.6964E-01	-2.1227E-01
2.0840E-01	3.0051E-01	3.3123E-01	-2.7103E-01	-2.1358E-01
2.1038E-01	3.0320E-01	3.3382E-01	-2.7242E-01	-2.1489E-01
2.1236E-01	3.0591E-01	3.3641E-01	-2.7381E-01	-2.1620E-01
2.1435E-01	3.0862E-01	3.3900E-01	-2.7518E-01	-2.1750E-01
2.1633E-01	3.1133E-01	3.4159E-01	-2.7655E-01	-2.1881E-01
2.1832E-01	3.1405E-01	3.4419E-01	-2.7792E-01	-2.2011E-01
2.2030E-01	3.1678E-01	3.4680E-01	-2.7928E-01	-2.2142E-01
2.2228E-01	3.1952E-01	3.4940E-01	-2.8063E-01	-2.2272E-01
2.2427E-01	3.2226E-01	3.5201E-01	-2.8197E-01	-2.2402E-01
2.2625E-01	3.2501E-01	3.5463E-01	-2.8331E-01	-2.2531E-01
2.2824E-01	3.2776E-01	3.5724E-01	-2.8464E-01	-2.2661E-01
2.3022E-01	3.3052E-01	3.5986E-01	-2.8597E-01	-2.2791E-01
2.3220E-01	3.3329E-01	3.6249E-01	-2.8729E-01	-2.2920E-01
2.3419E-01	3.3607E-01	3.6511E-01	-2.8861E-01	-2.3050E-01
2.3617E-01	3.3884E-01	3.6774E-01	-2.8992E-01	-2.3179E-01
2.3816E-01	3.4163E-01	3.7038E-01	-2.9122E-01	-2.3308E-01
2.4014E-01	3.4442E-01	3.7302E-01	-2.9252E-01	-2.3437E-01
2.4212E-01	3.4722E-01	3.7566E-01	-2.9381E-01	-2.3566E-01
2.4411E-01	3.5002E-01	3.7830E-01	-2.9510E-01	-2.3695E-01
2.4609E-01	3.5283E-01	3.8095E-01	-2.9638E-01	-2.3823E-01
2.4808E-01	3.5564E-01	3.8360E-01	-2.9765E-01	-2.3952E-01
2.5006E-01	3.5846E-01	3.8625E-01	-2.9892E-01	-2.4081E-01
2.5204E-01	3.6129E-01	3.8891E-01	-3.0019E-01	-2.4209E-01
2.5403E-01	3.6412E-01	3.9157E-01	-3.0145E-01	-2.4338E-01
2.5601E-01	3.6695E-01	3.9423E-01	-3.0270E-01	-2.4466E-01
2.5800E-01	3.6979E-01	3.9689E-01	-3.0395E-01	-2.4594E-01
2.5998E-01	3.7263E-01	3.9956E-01	-3.0519E-01	-2.4722E-01
2.6196E-01	3.7548E-01	4.0223E-01	-3.0643E-01	-2.4850E-01
2.6395E-01	3.7834E-01	4.0490E-01	-3.0766E-01	-2.4979E-01
2.6593E-01	3.8119E-01	4.0758E-01	-3.0889E-01	-2.5107E-01
2.6792E-01	3.8406E-01	4.1026E-01	-3.1011E-01	-2.5235E-01
2.6990E-01	3.8692E-01	4.1294E-01	-3.1133E-01	-2.5362E-01
2.7188E-01	3.8979E-01	4.1562E-01	-3.1255E-01	-2.5490E-01
2.7387E-01	3.9267E-01	4.1831E-01	-3.1375E-01	-2.5618E-01
2.7585E-01	3.9555E-01	4.2100E-01	-3.1496E-01	-2.5746E-01
2.7784E-01	3.9843E-01	4.2369E-01	-3.1616E-01	-2.5873E-01
2.7982E-01	4.0131E-01	4.2638E-01	-3.1735E-01	-2.6001E-01
2.8180E-01	4.0420E-01	4.2907E-01	-3.1854E-01	-2.6129E-01
2.8379E-01	4.0710E-01	4.3177E-01	-3.1972E-01	-2.6256E-01
2.8577E-01	4.0999E-01	4.3447E-01	-3.2090E-01	-2.6384E-01
2.8776E-01	4.1289E-01	4.3717E-01	-3.2208E-01	-2.6511E-01
2.8974E-01	4.1579E-01	4.3987E-01	-3.2325E-01	-2.6639E-01
2.9172E-01	4.1870E-01	4.4258E-01	-3.2441E-01	-2.6766E-01
2.9371E-01	4.2161E-01	4.4528E-01	-3.2557E-01	-2.6893E-01
2.9569E-01	4.2452E-01	4.4799E-01	-3.2673E-01	-2.7021E-01
2.9768E-01	4.2743E-01	4.5070E-01	-3.2788E-01	-2.7148E-01
2.9966E-01	4.3034E-01	4.5341E-01	-3.2903E-01	-2.7275E-01
3.0164E-01	4.3326E-01	4.5612E-01	-3.3017E-01	-2.7402E-01
3.0363E-01	4.3618E-01	4.5883E-01	-3.3131E-01	-2.7529E-01
3.0561E-01	4.3910E-01	4.6154E-01	-3.3244E-01	-2.7656E-01
3.0760E-01	4.4202E-01	4.6426E-01	-3.3357E-01	-2.7783E-01
3.0958E-01	4.4495E-01	4.6697E-01	-3.3469E-01	-2.7910E-01
3.1156E-01	4.4787E-01	4.6969E-01	-3.3582E-01	-2.8037E-01
3.1355E-01	4.5080E-01	4.7241E-01	-3.3693E-01	-2.8164E-01
3.1553E-01	4.5373E-01	4.7512E-01	-3.3804E-01	-2.8291E-01
3.1751E-01	4.5665E-01	4.7784E-01	-3.3915E-01	-2.8418E-01
3.1950E-01	4.5958E-01	4.8056E-01	-3.4025E-01	-2.8545E-01
3.2148E-01	4.6251E-01	4.8328E-01	-3.4135E-01	-2.8671E-01
3.2347E-01	4.6544E-01	4.8600E-01	-3.4245E-01	-2.8798E-01
3.2545E-01	4.6837E-01	4.8872E-01	-3.4354E-01	-2.8925E-01
3.2743E-01	4.7131E-01	4.9144E-01	-3.4463E-01	-2.9051E-01
3.2942E-01	4.7424E-01	4.9416E-01	-3.4571E-01	-2.9178E-01
3.3140E-01	4.7717E-01	4.9687E-01	-3.4679E-01	-2.9304E-01
3.3339E-01	4.8010E-01	4.9959E-01	-3.4786E-01	-2.9430E-01
3.3537E-01	4.8303E-01	5.0231E-01	-3.4893E-01	-2.9557E-01
3.3735E-01	4.8596E-01	5.0503E-01	-3.4999E-01	-2.9683E-01
3.3934E-01	4.8889E-01	5.0775E-01	-3.5105E-01	-2.9809E-01
3.4132E-01	4.9181E-01	5.1046E-01	-3.5211E-01	-2.9935E-01
3.4331E-01	4.9474E-01	5.1318E-01	-3.5316E-01	-3.0061E-01
3.4529E-01	4.9767E-01	5.1589E-01	-3.5421E-01	-3.0187E-01
3.4727E-01	5.0059E-01	5.1861E-01	-3.5526E-01	-3.0312E-01
3.4926E-01	5.0352E-01	5.2132E-01	-3.5630E-01	-3.0438E-01
3.5124E-01	5.0644E-01	5.2403E-01	-3.5733E-01	-3.0564E-01
3.5323E-01	5.0936E-01	5.2674E-01	-3.5836E-01	-3.0689E-01
3.5521E-01	5.1227E-01	5.2945E-01	-3.5939E-01	-3.0814E-01
3.5719E-01	5.1519E-01	5.3215E-01	-3.6041E-01	-3.0939E-01
3.5918E-01	5.1810E-01	5.3486E-01	-3.6143E-01	-3.1064E-01
3.6116E-01	5.2101E-01	5.3756E-01	-3.6245E-01	-3.1189E-01
3.6315E-01	5.2392E-01	5.4026E-01	-3.6346E-01	-3.1314E-01
3.6513E-01	5.2683E-01	5.4296E-01	-3.6446E-01	-3.1439E-01
3.6711E-01	5.2973E-01	5.4566E-01	-3.6546E-01	-3.1563E-01
3.6910E-01	5.3263E-01	5.4836E-01	-3.6646E-01	-3.1688E-01
3.7108E-01	5.3553E-01	5.5105E-01	-3.6745E-01	-3.1812E-01
3.7307E-01	5.3842E-01	5.5374E-01	-3.6844E-01	-3.1936E-01
3.7505E-01	5.4131E-01	5.5643E-01	-3.6942E-01	-3.2059E-01
3.7703E-01	5.4420E-01	5.5911E-01	-3.7040E-01	-3.2183E-01
3.7902E-01	5.4708E-01	5.6179E-01	-3.7138E-01	-3.2306E-01
3.8100E-01	5.4996E-01	5.6447E-01	-3.7235E-01	-3.2430E-01
3.8299E-01	5.5284E-01	5.6715E-01	-3.7331E-01	-3.2552E-01
3.8497E-01	5.5571E-01	5.6982E-01	-3.7427E-01	-3.2675E-01
3.8695E-01	5.5857E-01	5.7249E-01	-3.7523E-01	-3.2798E-01
3.8894E-01	5.6144E-01	5.7516E-01	-3.7618E-01	-3.2920E-01
3.9092E-01	5.6429E-01	5.7782E-01	-3.7713E-01	-3.3042E-01
3.9291E-01	5.6715E-01	5.8048E-01	-3.7807E-01	-3.3164E-01
3.9489E-01	5.6999E-01	5.8314E-01	-3.7901E-01	-3.3285E-01
3.9687E-01	5.7284E-01	5.8579E-01	-3.7994E-01	-3.3406E-01
3.9886E-01	5.7567E-01	5.8844E-01	-3.8087E-01	-3.3527E-01
4.0084E-01	5.7851E-01	5.9108E-01	-3.8179E-01	-3.3648E-01
4.0283E-01	5.8133E-01	5.9372E-01	-3.8270E-01	-3.3768E-01
4.0481E-01	5.8415E-01	5.9636E-01	-3.8361E-01	-3.3888E-01
4.0679E-01	5.8697E-01	5.9899E-01	-3.8452E-01	-3.4007E-01
4.0878E-01	5.8978E-01	6.0161E-01	-3.8542E-01	-3.4126E-01
4.1076E-01	5.9258E-01	6.0424E-01	-3.8632E-01	-3.4245E-01
4.1275E-01	5.9538E-01	6.0685E-01	-3.8721E-01	-3.4363E-01
4.1473E-01	5.9817E-01	6.0947E-01	-3.8809E-01	-3.4481E-01
4.1671E-01	6.0096E-01	6.1207E-01	-3.8897E-01	-3.4599E-01
4.1870E-01	6.0374E-01	6.1468E-01	-3.8984E-01	-3.4716E-01
4.2068E-01	6.0651E-01	6.1728E-01	-3.9071E-01	-3.4833E-01
4.2267E-01	6.0928E-01	6.1987E-01	-3.9157E-01	-3.4949E-01
4.2465E-01	6.1204E-01	6.2246E-01	-3.9242E-01	-3.5065E-01
4.2663E-01	6.1479E-01	6.2504E-01	-3.9327E-01	-3.5180E-01
4.2862E-01	6.1753E-01	6.2761E-01	-3.9411E-01	-3.5294E-01
4.3060E-01	6.2027E-01	6.3018E-01	-3.9495E-01	-3.5409E-01
4.3259E-01	6.2300E-01	6.3275E-01	-3.9578E-01	-3.5522E-01
4.3457E-01	6.2572E-01	6.3531E-01	-3.9660E-01	-3.5635E-01
4.3655E-01	6.2844E-01	6.3786E-01	-3.9741E-01	-3.5748E-01
4.3854E-01	6.3115E-01	6.4041E-01	-3.9822E-01	-3.5860E-01
4.4052E-01	6.3385E-01	6.4295E-01	-3.9902E-01	-3.5971E-01
4.4251E-01	6.3654E-01	6.4549E-01	-3.9982E-01	-3.6082E-01
4.4449E-01	6.3923E-01	6.4801E-01	-4.0060E-01	-3.6192E-01
4.4647E-01	6.4190E-01	6.5054E-01	-4.0138E-01	-3.6301E-01
4.4846E-01	6.4457E-01	6.5305E-01	-4.0215E-01	-3.6409E-01
4.5044E-01	6.4723E-01	6.5556E-01	-4.0292E-01	-3.6517E-01
4.5242E-01	6.4988E-01	6.5806E-01	-4.0367E-01	-3.6624E-01
4.5441E-01	6.5253E-01	6.6056E-01	-4.0442E-01	-3.6731E-01
4.5639E-01	6.5516E-01	6.6305E-01	-4.0516E-01	-3.6836E-01
4.5838E-01	6.5779E-01	6.6553E-01	-4.0589E-01	-3.6941E-01
4.6036E-01	6.6041E-01	6.6801E-01	-4.0662E-01	-3.7045E-01
4.6234E-01	6.6301E-01	6.7048E-01	-4.0733E-01	-3.7148E-01
4.6433E-01	6.6561E-01	6.7294E-01	-4.0803E-01	-3.7250E-01
4.6631E-01	6.6821E-01	6.7539E-01	-4.0873E-01	-3.7352E-01
4.6830E-01	6.7079E-01	6.7784E-01	-4.0942E-01	-3.7452E-01
4.7028E-01	6.7336E-01	6.8027E-01	-4.1009E-01	-3.7551E-01
4.7226E-01	6.7592E-01	6.8271E-01	-4.1076E-01	-3.7650E-01
4.7425E-01	6.7848E-01	6.8513E-01	-4.1141E-01	-3.7747E-01
4.7623E-01	6.8102E-01	6.8755E-01	-4.1206E-01	-3.7844E-01
4.7822E-01	6.8356E-01	6.8995E-01	-4.1270E-01	-3.7939E-01
4.8020E-01	6.8609E-01	6.9235E-01	-4.1332E-01	-3.8033E-01
4.8218E-01	6.8860E-01	6.9475E-01	-4.1394E-01	-3.8127E-01
4.8417E-01	6.9111E-01	6.9713E-01	-4.1454E-01	-3.8219E-01
4.8615E-01	6.9361E-01	6.9951E-01	-4.1513E-01	-3.8309E-01
4.8814E-01	6.9610E-01	7.0188E-01	-4.1571E-01	-3.8399E-01
4.9012E-01	6.9857E-01	7.0424E-01	-4.1628E-01	-3.8487E-01
4.9210E-01	7.0104E-01	7.0659E-01	-4.1684E-01	-3.8574E-01
4.9409E-01	7.0350E-01	7.0893E-01	-4.1738E-01	-3.8660E-01
4.9607E-01	7.0595E-01	7.1127E-01	-4.1791E-01	-3.8745E-01
4.9806E-01	7.0838E-01	7.1360E-01	-4.1843E-01	-3.8828E-01
5.0004E-01	7.1081E-01	7.1591E-01	-4.1894E-01	-3.8910E-01
5.0202E-01	7.1323E-01	7.1823E-01	-4.1943E-01	-3.8990E-01
5.0401E-01	7.1564E-01	7.2053E-01	-4.1990E-01	-3.9069E-01
5.0599E-01	7.1803E-01	7.2282E-01	-4.2037E-01	-3.9146E-01
5.0798E-01	7.2042E-01	7.2510E-01	-4.2082E-01	-3.9222E-01
5.0996E-01	7.2280E-01	7.2738E-01	-4.2125E-01	-3.9296E-01
5.1194E-01	7.2516E-01	7.2965E-01	-4.2167E-01	-3.9369E-01
5.1393E-01	7.2752E-01	7.3190E-01	-4.2207E-01	-3.9440E-01
5.1591E-01	7.2986E-01	7.3415E-01	-4.2246E-01	-3.9510E-01
5.1790E-01	7.3220E-01	7.3639E-01	-4.2283E-01	-3.9577E-01
5.1988E-01	7.3452E-01	7.3862E-01	-4.2319E-01	-3.9643E-01
5.2186E-01	7.3684E-01	7.4084E-01	-4.2353E-01	-3.9707E-01
5.2385E-01	7.3914E-01	7.4306E-01	-4.2385E-01	-3.9770E-01
5.2583E-01	7.4143E-01	7.4526E-01	-4.2415E-01	-3.9830E-01
5.2782E-01	7.4371E-01	7.4745E-01	-4.2444E-01	-3.9888E-01
5.2980E-01	7.4598E-01	7.4964E-01	-4.2471E-01	-3.9945E-01
5.3178E-01	7.4824E-01	7.5182E-01	-4.2496E-01	-4.0000E-01
5.3377E-01	7.5049E-01	7.5398E-01	-4.2519E-01	-4.0052E-01
5.3575E-01	7.5273E-01	7.5614E-01	-4.2540E-01	-4.0103E-01
5.3774E-01	7.5496E-01	7.5829E-01	-4.2559E-01	-4.0151E-01
5.3972E-01	7.5718E-01	7.6042E-01	-4.2576E-01	-4.0197E-01
5.4170E-01	7.5938E-01	7.6255E-01	-4.2591E-01	-4.0241E-01
5.4369E-01	7.6158E-01	7.6467E-01	-4.2604E-01	-4.0283E-01
5.4567E-01	7.6376E-01	7.6678E-01	-4.2615E-01	-4.0322E-01
5.4766E-01	7.6593E-01	7.6888E-01	-4.2623E-01	-4.0359E-01
5.4964E-01	7.6810E-01	7.7097E-01	-4.2630E-01	-4.0394E-01
5.5162E-01	7.7025E-01	7.7305E-01	-4.2634E-01	-4.0426E-01
5.5361E-01	7.7239E-01	7.7513E-01	-4.2635E-01	-4.0455E-01
5.5559E-01	7.7452E-01	7.7719E-01	-4.2635E-01	-4.0483E-01
5.5758E-01	7.7663E-01	7.7924E-01	-4.2632E-01	-4.0507E-01
5.5956E-01	7.7874E-01	7.8128E-01	-4.2626E-01	-4.0529E-01
5.6154E-01	7.8084E-01	7.8331E-01	-4.2618E-01	-4.0548E-01
5.6353E-01	7.8292E-01	7.8534E-01	-4.2607E-01	-4.0564E-01
5.6551E-01	7.8500E-01	7.8735E-01	-4.2594E-01	-4.0578E-01
5.6749E-01	7.8706E-01	7.8935E-01	-4.2578E-01	-4.0589E-01
5.6948E-01	7.8911E-01	7.9135E-01	-4.2559E-01	-4.0597E-01
5.7146E-01	7.9115E-01	7.9333E-01	-4.2537E-01	-4.0601E-01
5.7345E-01	7.9318E-01	7.9530E-01	-4.2513E-01	-4.0603E-01
5.7543E-01	7.9520E-01	7.9727E-01	-4.2485E-01	-4.0602E-01
5.7741E-01	7.9721E-01	7.9922E-01	-4.2455E-01	-4.0597E-01
5.7940E-01	7.9921E-01	8.0117E-01	-4.2422E-01	-4.0590E-01
5.8138E-01	8.0120E-01	8.0310E-01	-4.2385E-01	-4.0579E-01
5.8337E-01	8.0317E-01	8.0502E-01	-4.2346E-01	-4.0565E-01
5.8535E-01	8.0513E-01	8.0694E-01	-4.2303E-01	-4.0547E-01
5.8733E-01	8.0709E-01	8.0884E-01	-4.2257E-01	-4.0526E-01
5.8932E-01	8.0903E-01	8.1074E-01	-4.2208E-01	-4.0501E-01
5.9130E-01	8.1096E-01	8.1262E-01	-4.2155E-01	-4.0473E-01
5.9329E-01	8.1288E-01	8.1450E-01	-4.2099E-01	-4.0441E-01
5.9527E-01	8.1479E-01	8.1636E-01	-4.2039E-01	-4.0406E-01
5.9725E-01	8.1669E-01	8.1822E-01	-4.1976E-01	-4.0367E-01
5.9924E-01	8.1858E-01	8.2006E-01	-4.1909E-01	-4.0324E-01
6.0122E-01	8.2045E-01	8.2190E-01	-4.1839E-01	-4.0277E-01
6.0321E-01	8.2232E-01	8.2372E-01	-4.1764E-01	-4.0226E-01
6.0519E-01	8.2417E-01	8.2554E-01	-4.1686E-01	-4.0171E-01
6.0717E-01	8.2602E-01	8.2734E-01	-4.1604E-01	-4.0111E-01
6.0916E-01	8.2785E-01	8.2914E-01	-4.1518E-01	-4.0048E-01
6.1114E-01	8.2967E-01	8.3092E-01	-4.1428E-01	-3.9981E-01
6.1313E-01	8.3149E-01	8.3270E-01	-4.1334E-01	-3.9909E-01
6.1511E-01	8.3329E-01	8.3446E-01	-4.1235E-01	-3.9832E-01
6.1709E-01	8.3508E-01	8.3622E-01	-4.1133E-01	-3.9752E-01
6.1908E-01	8.3685E-01	8.3796E-01	-4.1026E-01	-3.9666E-01
6.2106E-01	8.3862E-01	8.3970E-01	-4.0914E-01	-3.9576E-01
6.2305E-01	8.4038E-01	8.4142E-01	-4.0798E-01	-3.9482E-01
6.2503E-01	8.4213E-01	8.4314E-01	-4.0678E-01	-3.9382E-01
6.2701E-01	8.4386E-01	8.4484E-01	-4.0552E-01	-3.9278E-01
6.2900E-01	8.4559E-01	8.4654E-01	-4.0423E-01	-3.9169E-01
6.3098E-01	8.4730E-01	8.4822E-01	-4.0288E-01	-3.9055E-01
6.3297E-01	8.4901E-01	8.4990E-01	-4.0148E-01	-3.8935E-01
6.3495E-01	8.5070E-01	8.5156E-01	-4.0004E-01	-3.8811E-01
6.3693E-01	8.5238E-01	8.5322E-01	-3.9854E-01	-3.8681E-01
6.3892E-01	8.5406E-01	8.5487E-01	-3.9699E-01	-3.8546E-01
6.4090E-01	8.5572E-01	8.5650E-01	-3.9539E-01	-3.8406E-01
6.4289E-01	8.5737E-01	8.5813E-01	-3.9374E-01	-3.8260E-01
6.4487E-01	8.5901E-01	8.5974E-01	-3.9203E-01	-3.8108E-01
6.4685E-01	8.6064E-01	8.6135E-01	-3.9027E-01	-3.7951E-01
6.4884E-01	8.6226E-01	8.6295E-01	-3.8845E-01	-3.7788E-01
6.5082E-01	8.6387E-01	8.6453E-01	-3.8657E-01	-3.7619E-01
6.5281E-01	8.6547E-01	8.6611E-01	-3.8464E-01	-3.7444E-01
6.5479E-01	8.6706E-01	8.6768E-01	-3.8265E-01	-3.7263E-01
6.5677E-01	8.6863E-01	8.6924E-01	-3.8060E-01	-3.7076E-01
6.5876E-01	8.7020E-01	8.7078E-01	-3.7849E-01	-3.6882E-01
6.6074E-01	8.7176E-01	8.7232E-01	-3.7632E-01	-3.6683E-01
6.6273E-01	8.7331E-01	8.7385E-01	-3.7408E-01	-3.6476E-01
6.6471E-01	8.7484E-01	8.7537E-01	-3.7178E-01	-3.6264E-01
6.6669E-01	8.7637E-01	8.7688E-01	-3.6942E-01	-3.6045E-01
6.6868E-01	8.7789E-01	8.7837E-01	-3.6699E-01	-3.5819E-01
6.7066E-01	8.7939E-01	8.7986E-01	-3.6450E-01	-3.5586E-01
6.7265E-01	8.8089E-01	8.8134E-01	-3.6194E-01	-3.5346E-01
6.7463E-01	8.8237E-01	8.8281E-01	-3.5931E-01	-3.5100E-01
6.7661E-01	8.8385E-01	8.8427E-01	-3.5661E-01	-3.4846E-01
6.7860E-01	8.8531E-01	8.8572E-01	-3.5385E-01	-3.4585E-01
6.8058E-01	8.8677E-01	8.8716E-01	-3.5101E-01	-3.4317E-01
6.8257E-01	8.8821E-01	8.8859E-01	-3.4810E-01	-3.4041E-01
6.8455E-01	8.8965E-01	8.9001E-01	-3.4511E-01	-3.3758E-01
6.8653E-01	8.9107E-01	8.9143E-01	-3.4205E-01	-3.3467E-01
6.8852E-01	8.9249E-01	8.9283E-01	-3.3892E-01	-3.3169E-01
6.9050E-01	8.9389E-01	8.9422E-01	-3.3571E-01	-3.2862E-01
6.9249E-01	8.9529E-01	8.9560E-01	-3.3242E-01	-3.2548E-01
6.9447E-01	8.9667E-01	8.9698E-01	-3.2905E-01	-3.2226E-01
6.9645E-01	8.9805E-01	8.9834E-01	-3.2560E-01	-3.1895E-01
6.9844E-01	8.9942E-01	8.9970E-01	-3.2207E-01	-3.1557E-01
7.0042E-01	9.0077E-01	9.0104E-01	-3.1847E-01	-3.1209E-01
7.0240E-01	9.0212E-01	9.0238E-01	-3.1477E-01	-3.0854E-01
7.0439E-01	9.0345E-01	9.0370E-01	-3.1100E-01	-3.0490E-01
7.0637E-01	9.0478E-01	9.0502E-01	-3.0713E-01	-3.0117E-01
7.0836E-01	9.0609E-01	9.0632E-01	-3.0318E-01	-2.9735E-01
7.1034E-01	9.0740E-01	9.0762E-01	-2.9915E-01	-2.9345E-01
7.1232E-01	9.0870E-01	9.0891E-01	-2.9502E-01	-2.8945E-01
7.1431E-01	9.0998E-01	9.1019E-01	-2.9081E-01	-2.8536E-01
7.1629E-01	9.1126E-01	9.1146E-01	-2.8650E-01	-2.8118E-01
7.1828E-01	9.1253E-01	9.1272E-01	-2.8211E-01	-2.7691E-01
7.2026E-01	9.1379E-01	9.1397E-01	-2.7762E-01	-2.7254E-01
7.2224E-01	9.1504E-01	9.1521E-01	-2.7303E-01	-2.6807E-01
7.2423E-01	9.1627E-01	9.1644E-01	-2.6835E-01	-2.6351E-01
7.2621E-01	9.1750E-01	9.1766E-01	-2.6358E-01	-2.5885E-01
7.2820E-01	9.1872E-01	9.1887E-01	-2.5870E-01	-2.5409E-01
7.3018E-01	9.1993E-01	9.2008E-01	-2.5373E-01	-2.4923E-01
7.3216E-01	9.2113E-01	9.2127E-01	-2.4866E-01	-2.4427E-01
7.3415E-01	9.2232E-01	9.2245E-01	-2.4348E-01	-2.3921E-01
7.3613E-01	9.2350E-01	9.2363E-01	-2.3821E-01	-2.3404E-01
7.3812E-01	9.2467E-01	9.2480E-01	-2.3283E-01	-2.2877E-01
7.4010E-01	9.2584E-01	9.2595E-01	-2.2734E-01	-2.2339E-01
7.4208E-01	9.2699E-01	9.2710E-01	-2.2175E-01	-2.1790E-01
7.4407E-01	9.2813E-01	9.2824E-01	-2.1606E-01	-2.1231E-01
7.4605E-01	9.2927E-01	9.2937E-01	-2.1025E-01	-2.0661E-01
7.4804E-01	9.3039E-01	9.3049E-01	-2.0434E-01	-2.0079E-01
7.5002E-01	9.3151E-01	9.3160E-01	-1.9832E-01	-1.9487E-01
7.5200E-01	9.3261E-01	9.3270E-01	-1.9219E-01	-1.8883E-01
7.5399E-01	9.3371E-01	9.3379E-01	-1.8594E-01	-1.8268E-01
7.5597E-01	9.3479E-01	9.3487E-01	-1.7958E-01	-1.7642E-01
7.5796E-01	9.3587E-01	9.3595E-01	-1.7311E-01	-1.7003E-01
7.5994E-01	9.3694E-01	9.3701E-01	-1.6652E-01	-1.6354E-01
7.6192E-01	9.3800E-01	9.3807E-01	-1.5982E-01	-1.5692E-01
7.6391E-01	9.3905E-01	9.3911E-01	-1.5300E-01	-1.5019E-01
7.6589E-01	9.4009E-01	9.4015E-01	-1.4606E-01	-1.4334E-01
7.6788E-01	9.4112E-01	9.4118E-01	-1.3901E-01	-1.3636E-01
7.6986E-01	9.4214E-01	9.4219E-01	-1.3183E-01	-1.2927E-01
7.7184E-01	9.4315E-01	9.4320E-01	-1.2453E-01	-1.2205E-01
7.7383E-01	9.4416E-01	9.4420E-01	-1.1712E-01	-1.1471E-01
7.7581E-01	9.4515E-01	9.4520E-01	-1.0958E-01	-1.0725E-01
7.7780E-01	9.4613E-01	9.4618E-01	-1.0192E-01	-9.9666E-02
7.7978E-01	9.4711E-01	9.4715E-01	-9.4130E-02	-9.1955E-02
7.8176E-01	9.4808E-01	9.4811E-01	-8.6220E-02	-8.4118E-02
7.8375E-01	9.4903E-01	9.4907E-01	-7.8185E-02	-7.6154E-02
7.8573E-01	9.4998E-01	9.5002E-01	-7.0025E-02	-6.8064E-02
7.8772E-01	9.5092E-01	9.5095E-01	-6.1739E-02	-5.9847E-02
7.8970E-01	9.5185E-01	9.5188E-01	-5.3327E-02	-5.1502E-02
7.9168E-01	9.5277E-01	9.5280E-01	-4.4787E-02	-4.3028E-02
7.9367E-01	9.5368E-01	9.5371E-01	-3.6121E-02	-3.4426E-02
7.9565E-01	9.5458E-01	9.5461E-01	-2.7327E-02	-2.5695E-02
7.9764E-01	9.5547E-01	9.5550E-01	-1.8406E-02	-1.6834E-02
7.9962E-01	9.5636E-01	9.5638E-01	-9.3562E-03	-7.8448E-03
8.0160E-01	9.5723E-01	9.5725E-01	-1.7854E-04	1.2744E-03
8.0359E-01	9.5810E-01	9.5812E-01	9.1273E-03	1.0523E-02
8.0557E-01	9.5895E-01	9.5897E-01	1.8561E-02	1.9901E-02
8.0756E-01	9.5980E-01	9.5982E-01	2.8123E-02	2.9409E-02
8.0954E-01	9.6064E-01	9.6066E-01	3.7813E-02	3.9046E-02
8.1152E-01	9.6147E-01	9.6149E-01	4.7630E-02	4.8812E-02
8.1351E-01	9.6229E-01	9.6230E-01	5.7575E-02	5.8707E-02
8.1549E-01	9.6310E-01	9.6312E-01	6.7647E-02	6.8729E-02
8.1747E-01	9.6390E-01	9.6392E-01	7.7844E-02	7.8880E-02
8.1946E-01	9.6470E-01	9.6471E-01	8.8168E-02	8.9157E-02
8.2144E-01	9.6548E-01	9.6549E-01	9.8616E-02	9.9560E-02
8.2343E-01	9.6626E-01	9.6627E-01	1.0919E-01	1.1009E-01
8.2541E-01	9.6702E-01	9.6703E-01	1.1988E-01	1.2074E-01
8.2739E-01	9.6778E-01	9.6779E-01	1.3070E-01	1.3152E-01
8.2938E-01	9.6853E-01	9.6854E-01	1.4164E-01	1.4242E-01
8.3136E-01	9.6927E-01	9.6927E-01	1.5270E-01	1.5344E-01
8.3335E-01	9.7000E-01	9.7000E-01	1.6387E-01	1.6457E-01
8.3533E-01	9.7072E-01	9.7072E-01	1.7516E-01	1.7583E-01
8.3731E-01	9.7143E-01	9.7144E-01	1.8657E-01	1.8720E-01
8.3930E-01	9.7213E-01	9.7214E-01	1.9809E-01	1.9869E-01
8.4128E-01	9.7283E-01	9.7283E-01	2.0972E-01	2.1028E-01
8.4327E-01	9.7351E-01	9.7352E-01	2.2145E-01	2.2199E-01
8.4525E-01	9.7419E-01	9.7419E-01	2.3330E-01	2.3380E-01
8.4723E-01	9.7486E-01	9.7486E-01	2.4525E-01	2.4572E-01
8.4922E-01	9.7551E-01	9.7552E-01	2.5729E-01	2.5774E-01
8.5120E-01	9.7616E-01	9.7617E-01	2.6944E-01	2.6986E-01
8.5319E-01	9.7681E-01	9.7681E-01	2.8168E-01	2.8208E-01
8.5517E-01	9.7744E-01	9.7744E-01	2.9401E-01	2.9439E-01
8.5715E-01	9.7806E-01	9.7806E-01	3.0643E-01	3.0678E-01
8.5914E-01	9.7867E-01	9.7868E-01	3.1894E-01	3.1927E-01
8.6112E-01	9.7928E-01	9.7928E-01	3.3153E-01	3.3183E-01
8.6311E-01	9.7988E-01	9.7988E-01	3.4419E-01	3.4448E-01
8.6509E-01	9.8046E-01	9.8046E-01	3.5693E-01	3.5720E-01
8.6707E-01	9.8104E-01	9.8104E-01	3.6973E-01	3.6998E-01
8.6906E-01	9.8161E-01	9.8161E-01	3.8260E-01	3.8283E-01
8.7104E-01	9.8217E-01	9.8217E-01	3.9553E-01	3.9574E-01
8.7303E-01	9.8272E-01	9.8272E-01	4.0851E-01	4.0871E-01
8.7501E-01	9.8327E-01	9.8327E-01	4.2154E-01	4.2173E-01
8.7699E-01	9.8380E-01	9.8380E-01	4.3462E-01	4.3479E-01
8.7898E-01	9.8433E-01	9.8433E-01	4.4773E-01	4.4789E-01
8.8096E-01	9.8484E-01	9.8484E-01	4.6087E-01	4.6102E-01
8.8295E-01	9.8535E-01	9.8535E-01	4.7404E-01	4.7417E-01
8.8493E-01	9.8585E-01	9.8585E-01	4.8723E-01	4.8735E-01
8.8691E-01	9.8634E-01	9.8634E-01	5.0043E-01	5.0054E-01
8.8890E-01	9.8682E-01	9.8682E-01	5.1364E-01	5.1374E-01
8.9088E-01	9.8729E-01	9.8729E-01	5.2685E-01	5.2694E-01
8.9287E-01	9.8776E-01	9.8776E-01	5.4005E-01	5.4013E-01
8.9485E-01	9.8821E-01	9.8821E-01	5.5323E-01	5.5331E-01
8.9683E-01	9.8866E-01	9.8866E-01	5.6639E-01	5.6646E-01
8.9882E-01	9.8909E-01	9.8909E-01	5.7953E-01	5.7959E-01
9.0080E-01	9.8952E-01	9.8952E-01	5.9262E-01	5.9267E-01
9.0279E-01	9.8994E-01	9.8994E-01	6.0566E-01	6.0571E-01
9.0477E-01	9.9035E-01	9.9035E-01	6.1866E-01	6.1870E-01
9.0675E-01	9.9076E-01	9.9076E-01	6.3158E-01	6.3162E-01
9.0874E-01	9.9115E-01	9.9115E-01	6.4444E-01	6.4447E-01
9.1072E-01	9.9153E-01	9.9154E-01	6.5721E-01	6.5724E-01
9.1271E-01	9.9191E-01	9.9191E-01	6.6990E-01	6.6992E-01
9.1469E-01	9.9228E-01	9.9228E-01	6.8248E-01	6.8250E-01
9.1667E-01	9.9264E-01	9.9264E-01	6.9496E-01	6.9498E-01
9.1866E-01	9.9299E-01	9.9299E-01	7.0732E-01	7.0733E-01
9.2064E-01	9.9333E-01	9.9333E-01	7.1955E-01	7.1956E-01
9.2263E-01	9.9366E-01	9.9366E-01	7.3164E-01	7.3165E-01
9.2461E-01	9.9399E-01	9.9399E-01	7.4359E-01	7.4360E-01
9.2659E-01	9.9430E-01	9.9430E-01	7.5538E-01	7.5539E-01
9.2858E-01	9.9461E-01	9.9461E-01	7.6701E-01	7.6701E-01
9.3056E-01	9.9491E-01	9.9491E-01	7.7845E-01	7.7846E-01
9.3255E-01	9.9520E-01	9.9520E-01	7.8972E-01	7.8972E-01
9.3453E-01	9.9548E-01	9.9548E-01	8.0078E-01	8.0079E-01
9.3651E-01	9.9575E-01	9.9575E-01	8.1165E-01	8.1165E-01
9.3850E-01	9.9601E-01	9.9601E-01	8.2229E-01	8.2229E-01
9.4048E-01	9.9627E-01	9.9627E-01	8.3271E-01	8.3272E-01
9.4246E-01	9.9651E-01	9.9651E-01	8.4290E-01	8.4290E-01
9.4445E-01	9.9675E-01	9.9675E-01	8.5284E-01	8.5284E-01
9.4643E-01	9.9698E-01	9.9698E-01	8.6253E-01	8.6253E-01
9.4842E-01	9.9720E-01	9.9720E-01	8.7195E-01	8.7195E-01
9.5040E-01	9.9742E-01	9.9742E-01	8.8111E-01	8.8111E-01
9.5238E-01	9.9762E-01	9.9762E-01	8.8998E-01	8.8998E-01
9.5437E-01	9.9782E-01	9.9782E-01	8.9856E-01	8.9856E-01
9.5635E-01	9.9800E-01	9.9800E-01	9.0684E-01	9.0684E-01
9.5834E-01	9.9818E-01	9.9818E-01	9.1481E-01	9.1481E-01
9.6032E-01	9.9835E-01	9.9835E-01	9.2247E-01	9.2247E-01
9.6230E-01	9.9851E-01	9.9851E-01	9.2981E-01	9.2981E-01
9.6429E-01	9.9867E-01	9.9867E-01	9.3682E-01	9.3682E-01
9.6627E-01	9.9881E-01	9.9881E-01	9.4348E-01	9.4348E-01
9.6826E-01	9.9895E-01	9.9895E-01	9.4981E-01	9.4981E-01
9.7024E-01	9.9908E-01	9.9908E-01	9.5578E-01	9.5578E-01
9.7222E-01	9.9920E-01	9.9920E-01	9.6139E-01	9.6139E-01
9.7421E-01	9.9931E-01	9.9931E-01	9.6665E-01	9.6665E-01
9.7619E-01	9.9941E-01	9.9941E-01	9.7153E-01	9.7153E-01
9.7818E-01	9.9950E-01	9.9950E-01	9.7604E-01	9.7604E-01
9.8016E-01	9.9959E-01	9.9959E-01	9.8017E-01	9.8017E-01
9.8214E-01	9.9967E-01	9.9967E-01	9.8392E-01	9.8392E-01
9.8413E-01	9.9974E-01	9.9974E-01	9.8728E-01	9.8728E-01
9.8611E-01	9.9980E-01	9.9980E-01	9.9025E-01	9.9025E-01
9.8810E-01	9.9985E-01	9.9985E-01	9.9284E-01	9.9284E-01
9.9008E-01	9.9990E-01	9.9990E-01	9.9502E-01	9.9502E-01
9.9206E-01	9.9993E-01	9.9993E-01	9.9682E-01	9.9682E-01
9.9405E-01	9.9996E-01	9.9996E-01	9.9821E-01	9.9821E-01
9.9603E-01	9.9998E-01	9.9998E-01	9.9918E-01	9.9918E-01
9.9802E-01	1.0000E+00	1.0000E+00	9.9977E-01	9.9977E-01
