# Phys.Rev.Lett. 124 (2020) 082003, arXiv:1909.13818[hep-ph]
# Delta q+ / q+, q+ = q + qbar
# Fig. 3, prediction 1 (blue)
x	u+lower	u+upper	d+lower	d+upper
1.0000E-04	4.2278E-04	4.4606E-04	-6.4066E-04	-6.1118E-04
1.0093E-04	4.2784E-04	4.5030E-04	-6.4562E-04	-6.1692E-04
1.0186E-04	4.3294E-04	4.5458E-04	-6.5063E-04	-6.2272E-04
1.0280E-04	4.3811E-04	4.5890E-04	-6.5569E-04	-6.2857E-04
1.0375E-04	4.4333E-04	4.6326E-04	-6.6078E-04	-6.3447E-04
1.0471E-04	4.4861E-04	4.6766E-04	-6.6591E-04	-6.4043E-04
1.0568E-04	4.5394E-04	4.7211E-04	-6.7108E-04	-6.4645E-04
1.0666E-04	4.5934E-04	4.7660E-04	-6.7630E-04	-6.5253E-04
1.0765E-04	4.6479E-04	4.8113E-04	-6.8156E-04	-6.5866E-04
1.0864E-04	4.7030E-04	4.8571E-04	-6.8686E-04	-6.6485E-04
1.0965E-04	4.7587E-04	4.9033E-04	-6.9220E-04	-6.7110E-04
1.1066E-04	4.8151E-04	4.9499E-04	-6.9758E-04	-6.7741E-04
1.1169E-04	4.8720E-04	4.9970E-04	-7.0301E-04	-6.8378E-04
1.1272E-04	4.9295E-04	5.0445E-04	-7.0849E-04	-6.9021E-04
1.1376E-04	4.9877E-04	5.0925E-04	-7.1401E-04	-6.9670E-04
1.1482E-04	5.0465E-04	5.1410E-04	-7.1957E-04	-7.0325E-04
1.1588E-04	5.1060E-04	5.1899E-04	-7.2518E-04	-7.0986E-04
1.1695E-04	5.1661E-04	5.2393E-04	-7.3083E-04	-7.1654E-04
1.1803E-04	5.2268E-04	5.2892E-04	-7.3653E-04	-7.2328E-04
1.1912E-04	5.2882E-04	5.3396E-04	-7.4228E-04	-7.3008E-04
1.2023E-04	5.3503E-04	5.3904E-04	-7.4807E-04	-7.3695E-04
1.2134E-04	5.4130E-04	5.4417E-04	-7.5391E-04	-7.4388E-04
1.2246E-04	5.4764E-04	5.4935E-04	-7.5979E-04	-7.5088E-04
1.2359E-04	5.5405E-04	5.5459E-04	-7.6573E-04	-7.5795E-04
1.2474E-04	5.5987E-04	5.6053E-04	-7.7171E-04	-7.6508E-04
1.2589E-04	5.6520E-04	5.6708E-04	-7.7774E-04	-7.7228E-04
1.2706E-04	5.7059E-04	5.7370E-04	-7.8382E-04	-7.7955E-04
1.2823E-04	5.7602E-04	5.8039E-04	-7.8995E-04	-7.8689E-04
1.2942E-04	5.8151E-04	5.8715E-04	-7.9613E-04	-7.9429E-04
1.3062E-04	5.8705E-04	5.9399E-04	-8.0237E-04	-8.0177E-04
1.3183E-04	5.9265E-04	6.0090E-04	-8.0932E-04	-8.0865E-04
1.3305E-04	5.9830E-04	6.0788E-04	-8.1694E-04	-8.1498E-04
1.3428E-04	6.0400E-04	6.1494E-04	-8.2463E-04	-8.2136E-04
1.3552E-04	6.0976E-04	6.2207E-04	-8.3240E-04	-8.2780E-04
1.3677E-04	6.1557E-04	6.2929E-04	-8.4024E-04	-8.3429E-04
1.3804E-04	6.2144E-04	6.3657E-04	-8.4815E-04	-8.4083E-04
1.3932E-04	6.2737E-04	6.4394E-04	-8.5614E-04	-8.4742E-04
1.4060E-04	6.3335E-04	6.5139E-04	-8.6420E-04	-8.5407E-04
1.4191E-04	6.3939E-04	6.5891E-04	-8.7234E-04	-8.6078E-04
1.4322E-04	6.4549E-04	6.6652E-04	-8.8056E-04	-8.6753E-04
1.4454E-04	6.5165E-04	6.7421E-04	-8.8886E-04	-8.7435E-04
1.4588E-04	6.5787E-04	6.8198E-04	-8.9723E-04	-8.8122E-04
1.4723E-04	6.6414E-04	6.8983E-04	-9.0569E-04	-8.8814E-04
1.4859E-04	6.7048E-04	6.9777E-04	-9.1422E-04	-8.9512E-04
1.4997E-04	6.7688E-04	7.0579E-04	-9.2284E-04	-9.0216E-04
1.5136E-04	6.8334E-04	7.1390E-04	-9.3153E-04	-9.0926E-04
1.5276E-04	6.8986E-04	7.2209E-04	-9.4031E-04	-9.1642E-04
1.5417E-04	6.9645E-04	7.3037E-04	-9.4918E-04	-9.2363E-04
1.5560E-04	7.0310E-04	7.3874E-04	-9.5813E-04	-9.3090E-04
1.5704E-04	7.0981E-04	7.4720E-04	-9.6716E-04	-9.3823E-04
1.5849E-04	7.1659E-04	7.5575E-04	-9.7628E-04	-9.4563E-04
1.5996E-04	7.2343E-04	7.6439E-04	-9.8548E-04	-9.5308E-04
1.6144E-04	7.3034E-04	7.7313E-04	-9.9477E-04	-9.6060E-04
1.6293E-04	7.3732E-04	7.8195E-04	-1.0042E-03	-9.6817E-04
1.6444E-04	7.4436E-04	7.9087E-04	-1.0136E-03	-9.7581E-04
1.6596E-04	7.5147E-04	7.9988E-04	-1.0232E-03	-9.8351E-04
1.6749E-04	7.5865E-04	8.0899E-04	-1.0328E-03	-9.9128E-04
1.6904E-04	7.6590E-04	8.1820E-04	-1.0426E-03	-9.9911E-04
1.7061E-04	7.7322E-04	8.2750E-04	-1.0524E-03	-1.0070E-03
1.7219E-04	7.8061E-04	8.3691E-04	-1.0623E-03	-1.0150E-03
1.7378E-04	7.8807E-04	8.4641E-04	-1.0724E-03	-1.0230E-03
1.7539E-04	7.9560E-04	8.5601E-04	-1.0825E-03	-1.0311E-03
1.7701E-04	8.0321E-04	8.6572E-04	-1.0927E-03	-1.0392E-03
1.7865E-04	8.1088E-04	8.7553E-04	-1.1030E-03	-1.0475E-03
1.8030E-04	8.1864E-04	8.8544E-04	-1.1134E-03	-1.0557E-03
1.8197E-04	8.2646E-04	8.9545E-04	-1.1239E-03	-1.0641E-03
1.8365E-04	8.3437E-04	9.0558E-04	-1.1345E-03	-1.0725E-03
1.8535E-04	8.4235E-04	9.1580E-04	-1.1452E-03	-1.0810E-03
1.8707E-04	8.5040E-04	9.2614E-04	-1.1560E-03	-1.0896E-03
1.8880E-04	8.5854E-04	9.3659E-04	-1.1670E-03	-1.0982E-03
1.9055E-04	8.6675E-04	9.4714E-04	-1.1780E-03	-1.1070E-03
1.9231E-04	8.7504E-04	9.5781E-04	-1.1891E-03	-1.1157E-03
1.9409E-04	8.8341E-04	9.6859E-04	-1.2003E-03	-1.1246E-03
1.9588E-04	8.9187E-04	9.7949E-04	-1.2116E-03	-1.1335E-03
1.9770E-04	9.0040E-04	9.9049E-04	-1.2231E-03	-1.1425E-03
1.9953E-04	9.0902E-04	1.0016E-03	-1.2346E-03	-1.1516E-03
2.0137E-04	9.1772E-04	1.0129E-03	-1.2463E-03	-1.1608E-03
2.0324E-04	9.2650E-04	1.0242E-03	-1.2581E-03	-1.1700E-03
2.0512E-04	9.3537E-04	1.0357E-03	-1.2699E-03	-1.1793E-03
2.0701E-04	9.4432E-04	1.0473E-03	-1.2819E-03	-1.1887E-03
2.0893E-04	9.5336E-04	1.0590E-03	-1.2940E-03	-1.1981E-03
2.1086E-04	9.6249E-04	1.0709E-03	-1.3063E-03	-1.2077E-03
2.1281E-04	9.7171E-04	1.0828E-03	-1.3186E-03	-1.2173E-03
2.1478E-04	9.8101E-04	1.0949E-03	-1.3311E-03	-1.2270E-03
2.1677E-04	9.9041E-04	1.1071E-03	-1.3436E-03	-1.2368E-03
2.1878E-04	9.9989E-04	1.1195E-03	-1.3563E-03	-1.2466E-03
2.2080E-04	1.0095E-03	1.1320E-03	-1.3691E-03	-1.2566E-03
2.2284E-04	1.0191E-03	1.1446E-03	-1.3821E-03	-1.2666E-03
2.2491E-04	1.0289E-03	1.1573E-03	-1.3951E-03	-1.2767E-03
2.2699E-04	1.0388E-03	1.1702E-03	-1.4083E-03	-1.2869E-03
2.2909E-04	1.0487E-03	1.1832E-03	-1.4216E-03	-1.2972E-03
2.3121E-04	1.0588E-03	1.1963E-03	-1.4350E-03	-1.3075E-03
2.3335E-04	1.0689E-03	1.2096E-03	-1.4486E-03	-1.3180E-03
2.3550E-04	1.0791E-03	1.2230E-03	-1.4623E-03	-1.3285E-03
2.3768E-04	1.0895E-03	1.2366E-03	-1.4761E-03	-1.3392E-03
2.3988E-04	1.0999E-03	1.2503E-03	-1.4901E-03	-1.3499E-03
2.4210E-04	1.1105E-03	1.2641E-03	-1.5041E-03	-1.3607E-03
2.4434E-04	1.1211E-03	1.2781E-03	-1.5184E-03	-1.3716E-03
2.4660E-04	1.1319E-03	1.2923E-03	-1.5327E-03	-1.3826E-03
2.4889E-04	1.1427E-03	1.3065E-03	-1.5472E-03	-1.3936E-03
2.5119E-04	1.1537E-03	1.3210E-03	-1.5618E-03	-1.4048E-03
2.5351E-04	1.1647E-03	1.3355E-03	-1.5766E-03	-1.4161E-03
2.5586E-04	1.1759E-03	1.3503E-03	-1.5915E-03	-1.4274E-03
2.5823E-04	1.1872E-03	1.3651E-03	-1.6065E-03	-1.4389E-03
2.6062E-04	1.1986E-03	1.3802E-03	-1.6217E-03	-1.4504E-03
2.6303E-04	1.2101E-03	1.3954E-03	-1.6370E-03	-1.4621E-03
2.6546E-04	1.2217E-03	1.4107E-03	-1.6525E-03	-1.4738E-03
2.6792E-04	1.2334E-03	1.4262E-03	-1.6681E-03	-1.4856E-03
2.7040E-04	1.2452E-03	1.4419E-03	-1.6839E-03	-1.4976E-03
2.7290E-04	1.2572E-03	1.4577E-03	-1.6998E-03	-1.5096E-03
2.7542E-04	1.2692E-03	1.4737E-03	-1.7159E-03	-1.5218E-03
2.7797E-04	1.2814E-03	1.4899E-03	-1.7321E-03	-1.5340E-03
2.8054E-04	1.2937E-03	1.5062E-03	-1.7485E-03	-1.5464E-03
2.8314E-04	1.3061E-03	1.5227E-03	-1.7650E-03	-1.5588E-03
2.8576E-04	1.3186E-03	1.5394E-03	-1.7817E-03	-1.5714E-03
2.8840E-04	1.3313E-03	1.5562E-03	-1.7986E-03	-1.5840E-03
2.9107E-04	1.3441E-03	1.5732E-03	-1.8156E-03	-1.5968E-03
2.9376E-04	1.3570E-03	1.5904E-03	-1.8327E-03	-1.6097E-03
2.9648E-04	1.3700E-03	1.6078E-03	-1.8501E-03	-1.6226E-03
2.9923E-04	1.3832E-03	1.6253E-03	-1.8676E-03	-1.6357E-03
3.0200E-04	1.3964E-03	1.6430E-03	-1.8852E-03	-1.6489E-03
3.0479E-04	1.4098E-03	1.6609E-03	-1.9030E-03	-1.6622E-03
3.0761E-04	1.4234E-03	1.6790E-03	-1.9210E-03	-1.6757E-03
3.1046E-04	1.4370E-03	1.6973E-03	-1.9392E-03	-1.6892E-03
3.1333E-04	1.4508E-03	1.7157E-03	-1.9575E-03	-1.7029E-03
3.1623E-04	1.4648E-03	1.7344E-03	-1.9761E-03	-1.7166E-03
3.1915E-04	1.4788E-03	1.7532E-03	-1.9947E-03	-1.7305E-03
3.2211E-04	1.4930E-03	1.7722E-03	-2.0136E-03	-1.7445E-03
3.2509E-04	1.5074E-03	1.7915E-03	-2.0326E-03	-1.7586E-03
3.2810E-04	1.5219E-03	1.8109E-03	-2.0519E-03	-1.7729E-03
3.3113E-04	1.5365E-03	1.8305E-03	-2.0713E-03	-1.7872E-03
3.3420E-04	1.5512E-03	1.8503E-03	-2.0909E-03	-1.8017E-03
3.3729E-04	1.5661E-03	1.8704E-03	-2.1106E-03	-1.8163E-03
3.4041E-04	1.5812E-03	1.8906E-03	-2.1306E-03	-1.8310E-03
3.4356E-04	1.5964E-03	1.9110E-03	-2.1507E-03	-1.8459E-03
3.4674E-04	1.6117E-03	1.9317E-03	-2.1711E-03	-1.8609E-03
3.4995E-04	1.6272E-03	1.9525E-03	-2.1916E-03	-1.8760E-03
3.5318E-04	1.6428E-03	1.9736E-03	-2.2123E-03	-1.8912E-03
3.5645E-04	1.6586E-03	1.9949E-03	-2.2333E-03	-1.9066E-03
3.5975E-04	1.6745E-03	2.0164E-03	-2.2544E-03	-1.9220E-03
3.6308E-04	1.6906E-03	2.0381E-03	-2.2757E-03	-1.9377E-03
3.6644E-04	1.7069E-03	2.0600E-03	-2.2972E-03	-1.9534E-03
3.6983E-04	1.7233E-03	2.0822E-03	-2.3189E-03	-1.9693E-03
3.7325E-04	1.7398E-03	2.1046E-03	-2.3409E-03	-1.9853E-03
3.7670E-04	1.7566E-03	2.1272E-03	-2.3630E-03	-2.0015E-03
3.8019E-04	1.7734E-03	2.1500E-03	-2.3853E-03	-2.0178E-03
3.8371E-04	1.7905E-03	2.1731E-03	-2.4079E-03	-2.0342E-03
3.8726E-04	1.8077E-03	2.1964E-03	-2.4307E-03	-2.0508E-03
3.9084E-04	1.8251E-03	2.2200E-03	-2.4536E-03	-2.0675E-03
3.9446E-04	1.8426E-03	2.2437E-03	-2.4768E-03	-2.0844E-03
3.9811E-04	1.8603E-03	2.2678E-03	-2.5003E-03	-2.1014E-03
4.0179E-04	1.8782E-03	2.2920E-03	-2.5239E-03	-2.1185E-03
4.0551E-04	1.8962E-03	2.3165E-03	-2.5478E-03	-2.1358E-03
4.0926E-04	1.9145E-03	2.3413E-03	-2.5718E-03	-2.1533E-03
4.1305E-04	1.9329E-03	2.3663E-03	-2.5962E-03	-2.1708E-03
4.1687E-04	1.9515E-03	2.3916E-03	-2.6207E-03	-2.1886E-03
4.2073E-04	1.9702E-03	2.4171E-03	-2.6455E-03	-2.2065E-03
4.2462E-04	1.9892E-03	2.4428E-03	-2.6705E-03	-2.2245E-03
4.2855E-04	2.0083E-03	2.4689E-03	-2.6957E-03	-2.2427E-03
4.3251E-04	2.0276E-03	2.4952E-03	-2.7212E-03	-2.2611E-03
4.3652E-04	2.0471E-03	2.5217E-03	-2.7469E-03	-2.2796E-03
4.4055E-04	2.0668E-03	2.5485E-03	-2.7729E-03	-2.2982E-03
4.4463E-04	2.0866E-03	2.5756E-03	-2.7991E-03	-2.3171E-03
4.4875E-04	2.1067E-03	2.6030E-03	-2.8255E-03	-2.3361E-03
4.5290E-04	2.1269E-03	2.6306E-03	-2.8523E-03	-2.3552E-03
4.5709E-04	2.1474E-03	2.6585E-03	-2.8792E-03	-2.3745E-03
4.6132E-04	2.1680E-03	2.6867E-03	-2.9064E-03	-2.3940E-03
4.6559E-04	2.1889E-03	2.7152E-03	-2.9339E-03	-2.4136E-03
4.6989E-04	2.2099E-03	2.7440E-03	-2.9616E-03	-2.4335E-03
4.7424E-04	2.2312E-03	2.7730E-03	-2.9896E-03	-2.4534E-03
4.7863E-04	2.2526E-03	2.8023E-03	-3.0178E-03	-2.4736E-03
4.8306E-04	2.2743E-03	2.8320E-03	-3.0463E-03	-2.4939E-03
4.8753E-04	2.2962E-03	2.8619E-03	-3.0751E-03	-2.5144E-03
4.9204E-04	2.3182E-03	2.8921E-03	-3.1042E-03	-2.5351E-03
4.9659E-04	2.3405E-03	2.9226E-03	-3.1335E-03	-2.5560E-03
5.0119E-04	2.3630E-03	2.9535E-03	-3.1631E-03	-2.5770E-03
5.0582E-04	2.3857E-03	2.9846E-03	-3.1930E-03	-2.5982E-03
5.1050E-04	2.4087E-03	3.0160E-03	-3.2231E-03	-2.6196E-03
5.1523E-04	2.4318E-03	3.0478E-03	-3.2535E-03	-2.6412E-03
5.2000E-04	2.4552E-03	3.0799E-03	-3.2843E-03	-2.6630E-03
5.2481E-04	2.4788E-03	3.1123E-03	-3.3153E-03	-2.6849E-03
5.2966E-04	2.5027E-03	3.1450E-03	-3.3466E-03	-2.7070E-03
5.3456E-04	2.5267E-03	3.1780E-03	-3.3782E-03	-2.7294E-03
5.3951E-04	2.5510E-03	3.2114E-03	-3.4101E-03	-2.7519E-03
5.4450E-04	2.5755E-03	3.2451E-03	-3.4423E-03	-2.7746E-03
5.4954E-04	2.6003E-03	3.2791E-03	-3.4747E-03	-2.7975E-03
5.5463E-04	2.6253E-03	3.3134E-03	-3.5075E-03	-2.8207E-03
5.5976E-04	2.6505E-03	3.3481E-03	-3.5406E-03	-2.8440E-03
5.6494E-04	2.6760E-03	3.3832E-03	-3.5741E-03	-2.8675E-03
5.7016E-04	2.7018E-03	3.4186E-03	-3.6078E-03	-2.8912E-03
5.7544E-04	2.7277E-03	3.4543E-03	-3.6418E-03	-2.9151E-03
5.8076E-04	2.7539E-03	3.4904E-03	-3.6762E-03	-2.9392E-03
5.8614E-04	2.7804E-03	3.5268E-03	-3.7109E-03	-2.9636E-03
5.9156E-04	2.8071E-03	3.5636E-03	-3.7459E-03	-2.9881E-03
5.9704E-04	2.8341E-03	3.6008E-03	-3.7812E-03	-3.0129E-03
6.0256E-04	2.8614E-03	3.6383E-03	-3.8169E-03	-3.0378E-03
6.0813E-04	2.8889E-03	3.6762E-03	-3.8528E-03	-3.0630E-03
6.1376E-04	2.9166E-03	3.7145E-03	-3.8892E-03	-3.0884E-03
6.1944E-04	2.9447E-03	3.7531E-03	-3.9258E-03	-3.1140E-03
6.2517E-04	2.9730E-03	3.7921E-03	-3.9629E-03	-3.1399E-03
6.3096E-04	3.0015E-03	3.8315E-03	-4.0002E-03	-3.1660E-03
6.3680E-04	3.0304E-03	3.8713E-03	-4.0379E-03	-3.1922E-03
6.4269E-04	3.0595E-03	3.9115E-03	-4.0760E-03	-3.2188E-03
6.4863E-04	3.0889E-03	3.9521E-03	-4.1144E-03	-3.2455E-03
6.5464E-04	3.1186E-03	3.9930E-03	-4.1531E-03	-3.2725E-03
6.6069E-04	3.1485E-03	4.0344E-03	-4.1923E-03	-3.2997E-03
6.6681E-04	3.1788E-03	4.0762E-03	-4.2318E-03	-3.3272E-03
6.7298E-04	3.2093E-03	4.1183E-03	-4.2716E-03	-3.3549E-03
6.7920E-04	3.2402E-03	4.1609E-03	-4.3118E-03	-3.3828E-03
6.8549E-04	3.2713E-03	4.2039E-03	-4.3524E-03	-3.4110E-03
6.9183E-04	3.3027E-03	4.2473E-03	-4.3934E-03	-3.4394E-03
6.9823E-04	3.3344E-03	4.2911E-03	-4.4348E-03	-3.4680E-03
7.0469E-04	3.3665E-03	4.3354E-03	-4.4765E-03	-3.4969E-03
7.1121E-04	3.3988E-03	4.3801E-03	-4.5187E-03	-3.5261E-03
7.1779E-04	3.4314E-03	4.4252E-03	-4.5612E-03	-3.5555E-03
7.2444E-04	3.4644E-03	4.4707E-03	-4.6041E-03	-3.5852E-03
7.3114E-04	3.4976E-03	4.5167E-03	-4.6474E-03	-3.6151E-03
7.3790E-04	3.5312E-03	4.5632E-03	-4.6911E-03	-3.6453E-03
7.4473E-04	3.5651E-03	4.6101E-03	-4.7353E-03	-3.6758E-03
7.5162E-04	3.5994E-03	4.6574E-03	-4.7798E-03	-3.7065E-03
7.5858E-04	3.6339E-03	4.7052E-03	-4.8247E-03	-3.7375E-03
7.6560E-04	3.6688E-03	4.7534E-03	-4.8701E-03	-3.7687E-03
7.7268E-04	3.7040E-03	4.8022E-03	-4.9159E-03	-3.8002E-03
7.7983E-04	3.7395E-03	4.8513E-03	-4.9621E-03	-3.8320E-03
7.8705E-04	3.7754E-03	4.9010E-03	-5.0087E-03	-3.8641E-03
7.9433E-04	3.8117E-03	4.9511E-03	-5.0558E-03	-3.8965E-03
8.0168E-04	3.8482E-03	5.0017E-03	-5.1033E-03	-3.9291E-03
8.0910E-04	3.8851E-03	5.0528E-03	-5.1512E-03	-3.9620E-03
8.1658E-04	3.9224E-03	5.1044E-03	-5.1996E-03	-3.9952E-03
8.2414E-04	3.9600E-03	5.1565E-03	-5.2484E-03	-4.0287E-03
8.3176E-04	3.9980E-03	5.2091E-03	-5.2977E-03	-4.0625E-03
8.3946E-04	4.0364E-03	5.2622E-03	-5.3474E-03	-4.0966E-03
8.4723E-04	4.0751E-03	5.3157E-03	-5.3976E-03	-4.1310E-03
8.5507E-04	4.1141E-03	5.3698E-03	-5.4482E-03	-4.1657E-03
8.6298E-04	4.1536E-03	5.4244E-03	-5.4994E-03	-4.2007E-03
8.7096E-04	4.1934E-03	5.4796E-03	-5.5509E-03	-4.2359E-03
8.7902E-04	4.2336E-03	5.5352E-03	-5.6030E-03	-4.2715E-03
8.8716E-04	4.2742E-03	5.5914E-03	-5.6555E-03	-4.3074E-03
8.9536E-04	4.3151E-03	5.6481E-03	-5.7086E-03	-4.3437E-03
9.0365E-04	4.3565E-03	5.7054E-03	-5.7621E-03	-4.3802E-03
9.1201E-04	4.3982E-03	5.7631E-03	-5.8161E-03	-4.4171E-03
9.2045E-04	4.4404E-03	5.8215E-03	-5.8705E-03	-4.4542E-03
9.2897E-04	4.4829E-03	5.8804E-03	-5.9255E-03	-4.4918E-03
9.3756E-04	4.5258E-03	5.9398E-03	-5.9810E-03	-4.5296E-03
9.4624E-04	4.5692E-03	5.9998E-03	-6.0370E-03	-4.5677E-03
9.5499E-04	4.6129E-03	6.0604E-03	-6.0936E-03	-4.6062E-03
9.6383E-04	4.6571E-03	6.1215E-03	-6.1506E-03	-4.6451E-03
9.7275E-04	4.7017E-03	6.1832E-03	-6.2082E-03	-4.6843E-03
9.8175E-04	4.7467E-03	6.2455E-03	-6.2662E-03	-4.7238E-03
9.9083E-04	4.7921E-03	6.3084E-03	-6.3249E-03	-4.7636E-03
1.0000E-03	4.8379E-03	6.3719E-03	-6.3840E-03	-4.8038E-03
1.0093E-03	4.8842E-03	6.4359E-03	-6.4437E-03	-4.8444E-03
1.0186E-03	4.9309E-03	6.5006E-03	-6.5039E-03	-4.8853E-03
1.0280E-03	4.9781E-03	6.5658E-03	-6.5647E-03	-4.9266E-03
1.0375E-03	5.0257E-03	6.6317E-03	-6.6260E-03	-4.9682E-03
1.0471E-03	5.0738E-03	6.6982E-03	-6.6879E-03	-5.0103E-03
1.0568E-03	5.1223E-03	6.7653E-03	-6.7504E-03	-5.0526E-03
1.0666E-03	5.1712E-03	6.8330E-03	-6.8134E-03	-5.0954E-03
1.0765E-03	5.2207E-03	6.9014E-03	-6.8770E-03	-5.1385E-03
1.0864E-03	5.2705E-03	6.9704E-03	-6.9412E-03	-5.1820E-03
1.0965E-03	5.3209E-03	7.0400E-03	-7.0060E-03	-5.2259E-03
1.1066E-03	5.3717E-03	7.1103E-03	-7.0713E-03	-5.2701E-03
1.1169E-03	5.4230E-03	7.1812E-03	-7.1373E-03	-5.3148E-03
1.1272E-03	5.4748E-03	7.2528E-03	-7.2038E-03	-5.3598E-03
1.1376E-03	5.5271E-03	7.3251E-03	-7.2709E-03	-5.4053E-03
1.1482E-03	5.5798E-03	7.3980E-03	-7.3387E-03	-5.4511E-03
1.1588E-03	5.6331E-03	7.4716E-03	-7.4071E-03	-5.4974E-03
1.1695E-03	5.6869E-03	7.5458E-03	-7.4760E-03	-5.5440E-03
1.1803E-03	5.7411E-03	7.6208E-03	-7.5456E-03	-5.5911E-03
1.1912E-03	5.7959E-03	7.6964E-03	-7.6159E-03	-5.6385E-03
1.2023E-03	5.8511E-03	7.7728E-03	-7.6867E-03	-5.6864E-03
1.2134E-03	5.9069E-03	7.8498E-03	-7.7583E-03	-5.7347E-03
1.2246E-03	5.9633E-03	7.9275E-03	-7.8304E-03	-5.7835E-03
1.2359E-03	6.0201E-03	8.0060E-03	-7.9032E-03	-5.8326E-03
1.2474E-03	6.0775E-03	8.0851E-03	-7.9767E-03	-5.8822E-03
1.2589E-03	6.1354E-03	8.1650E-03	-8.0508E-03	-5.9322E-03
1.2706E-03	6.1938E-03	8.2457E-03	-8.1256E-03	-5.9827E-03
1.2823E-03	6.2528E-03	8.3270E-03	-8.2010E-03	-6.0336E-03
1.2942E-03	6.3123E-03	8.4091E-03	-8.2772E-03	-6.0850E-03
1.3062E-03	6.3724E-03	8.4919E-03	-8.3540E-03	-6.1368E-03
1.3183E-03	6.4331E-03	8.5755E-03	-8.4315E-03	-6.1891E-03
1.3305E-03	6.4943E-03	8.6599E-03	-8.5097E-03	-6.2418E-03
1.3428E-03	6.5561E-03	8.7450E-03	-8.5886E-03	-6.2950E-03
1.3552E-03	6.6184E-03	8.8309E-03	-8.6682E-03	-6.3486E-03
1.3677E-03	6.6813E-03	8.9175E-03	-8.7485E-03	-6.4028E-03
1.3804E-03	6.7448E-03	9.0049E-03	-8.8296E-03	-6.4574E-03
1.3932E-03	6.8090E-03	9.0932E-03	-8.9114E-03	-6.5125E-03
1.4060E-03	6.8736E-03	9.1822E-03	-8.9938E-03	-6.5680E-03
1.4191E-03	6.9389E-03	9.2720E-03	-9.0771E-03	-6.6241E-03
1.4322E-03	7.0048E-03	9.3626E-03	-9.1610E-03	-6.6807E-03
1.4454E-03	7.0713E-03	9.4541E-03	-9.2458E-03	-6.7377E-03
1.4588E-03	7.1385E-03	9.5463E-03	-9.3312E-03	-6.7953E-03
1.4723E-03	7.2062E-03	9.6394E-03	-9.4175E-03	-6.8533E-03
1.4859E-03	7.2746E-03	9.7333E-03	-9.5045E-03	-6.9119E-03
1.4997E-03	7.3436E-03	9.8281E-03	-9.5922E-03	-6.9710E-03
1.5136E-03	7.4132E-03	9.9237E-03	-9.6808E-03	-7.0306E-03
1.5276E-03	7.4835E-03	1.0020E-02	-9.7701E-03	-7.0907E-03
1.5417E-03	7.5544E-03	1.0117E-02	-9.8603E-03	-7.1514E-03
1.5560E-03	7.6260E-03	1.0216E-02	-9.9512E-03	-7.2126E-03
1.5704E-03	7.6982E-03	1.0315E-02	-1.0043E-02	-7.2744E-03
1.5849E-03	7.7711E-03	1.0415E-02	-1.0135E-02	-7.3366E-03
1.5996E-03	7.8447E-03	1.0515E-02	-1.0229E-02	-7.3995E-03
1.6144E-03	7.9189E-03	1.0617E-02	-1.0323E-02	-7.4629E-03
1.6293E-03	7.9938E-03	1.0720E-02	-1.0418E-02	-7.5268E-03
1.6444E-03	8.0694E-03	1.0823E-02	-1.0514E-02	-7.5913E-03
1.6596E-03	8.1457E-03	1.0928E-02	-1.0611E-02	-7.6564E-03
1.6749E-03	8.2227E-03	1.1033E-02	-1.0708E-02	-7.7220E-03
1.6904E-03	8.3004E-03	1.1139E-02	-1.0806E-02	-7.7883E-03
1.7061E-03	8.3788E-03	1.1246E-02	-1.0906E-02	-7.8551E-03
1.7219E-03	8.4579E-03	1.1354E-02	-1.1006E-02	-7.9225E-03
1.7378E-03	8.5378E-03	1.1463E-02	-1.1107E-02	-7.9905E-03
1.7539E-03	8.6184E-03	1.1573E-02	-1.1209E-02	-8.0590E-03
1.7701E-03	8.6997E-03	1.1684E-02	-1.1312E-02	-8.1282E-03
1.7865E-03	8.7817E-03	1.1796E-02	-1.1415E-02	-8.1980E-03
1.8030E-03	8.8645E-03	1.1909E-02	-1.1520E-02	-8.2685E-03
1.8197E-03	8.9480E-03	1.2023E-02	-1.1625E-02	-8.3395E-03
1.8365E-03	9.0323E-03	1.2138E-02	-1.1732E-02	-8.4112E-03
1.8535E-03	9.1174E-03	1.2254E-02	-1.1839E-02	-8.4835E-03
1.8707E-03	9.2033E-03	1.2371E-02	-1.1947E-02	-8.5564E-03
1.8880E-03	9.2899E-03	1.2489E-02	-1.2057E-02	-8.6300E-03
1.9055E-03	9.3773E-03	1.2608E-02	-1.2167E-02	-8.7042E-03
1.9231E-03	9.4655E-03	1.2727E-02	-1.2278E-02	-8.7791E-03
1.9409E-03	9.5544E-03	1.2848E-02	-1.2390E-02	-8.8546E-03
1.9588E-03	9.6442E-03	1.2970E-02	-1.2503E-02	-8.9308E-03
1.9770E-03	9.7348E-03	1.3093E-02	-1.2617E-02	-9.0077E-03
1.9953E-03	9.8262E-03	1.3217E-02	-1.2732E-02	-9.0853E-03
2.0137E-03	9.9185E-03	1.3343E-02	-1.2848E-02	-9.1635E-03
2.0324E-03	1.0012E-02	1.3469E-02	-1.2965E-02	-9.2424E-03
2.0512E-03	1.0105E-02	1.3596E-02	-1.3083E-02	-9.3220E-03
2.0701E-03	1.0200E-02	1.3724E-02	-1.3202E-02	-9.4024E-03
2.0893E-03	1.0296E-02	1.3854E-02	-1.3322E-02	-9.4834E-03
2.1086E-03	1.0392E-02	1.3984E-02	-1.3443E-02	-9.5651E-03
2.1281E-03	1.0490E-02	1.4116E-02	-1.3565E-02	-9.6476E-03
2.1478E-03	1.0588E-02	1.4249E-02	-1.3689E-02	-9.7308E-03
2.1677E-03	1.0687E-02	1.4383E-02	-1.3813E-02	-9.8147E-03
2.1878E-03	1.0787E-02	1.4518E-02	-1.3938E-02	-9.8993E-03
2.2080E-03	1.0888E-02	1.4654E-02	-1.4064E-02	-9.9847E-03
2.2284E-03	1.0989E-02	1.4791E-02	-1.4192E-02	-1.0071E-02
2.2491E-03	1.1092E-02	1.4929E-02	-1.4320E-02	-1.0158E-02
2.2699E-03	1.1196E-02	1.5069E-02	-1.4450E-02	-1.0245E-02
2.2909E-03	1.1300E-02	1.5210E-02	-1.4581E-02	-1.0334E-02
2.3121E-03	1.1406E-02	1.5352E-02	-1.4713E-02	-1.0423E-02
2.3335E-03	1.1512E-02	1.5495E-02	-1.4845E-02	-1.0513E-02
2.3550E-03	1.1619E-02	1.5639E-02	-1.4980E-02	-1.0604E-02
2.3768E-03	1.1727E-02	1.5785E-02	-1.5115E-02	-1.0695E-02
2.3988E-03	1.1837E-02	1.5931E-02	-1.5251E-02	-1.0788E-02
2.4210E-03	1.1947E-02	1.6079E-02	-1.5389E-02	-1.0881E-02
2.4434E-03	1.2058E-02	1.6228E-02	-1.5527E-02	-1.0975E-02
2.4660E-03	1.2170E-02	1.6379E-02	-1.5667E-02	-1.1070E-02
2.4889E-03	1.2283E-02	1.6530E-02	-1.5808E-02	-1.1166E-02
2.5119E-03	1.2397E-02	1.6683E-02	-1.5950E-02	-1.1262E-02
2.5351E-03	1.2512E-02	1.6837E-02	-1.6094E-02	-1.1360E-02
2.5586E-03	1.2628E-02	1.6993E-02	-1.6238E-02	-1.1458E-02
2.5823E-03	1.2746E-02	1.7149E-02	-1.6384E-02	-1.1557E-02
2.6062E-03	1.2864E-02	1.7307E-02	-1.6531E-02	-1.1657E-02
2.6303E-03	1.2983E-02	1.7466E-02	-1.6679E-02	-1.1758E-02
2.6546E-03	1.3103E-02	1.7627E-02	-1.6829E-02	-1.1859E-02
2.6792E-03	1.3224E-02	1.7788E-02	-1.6980E-02	-1.1962E-02
2.7040E-03	1.3347E-02	1.7952E-02	-1.7132E-02	-1.2065E-02
2.7290E-03	1.3470E-02	1.8116E-02	-1.7285E-02	-1.2170E-02
2.7542E-03	1.3595E-02	1.8282E-02	-1.7439E-02	-1.2275E-02
2.7797E-03	1.3720E-02	1.8449E-02	-1.7595E-02	-1.2381E-02
2.8054E-03	1.3847E-02	1.8617E-02	-1.7752E-02	-1.2489E-02
2.8314E-03	1.3975E-02	1.8787E-02	-1.7911E-02	-1.2597E-02
2.8576E-03	1.4104E-02	1.8958E-02	-1.8070E-02	-1.2706E-02
2.8840E-03	1.4234E-02	1.9130E-02	-1.8231E-02	-1.2816E-02
2.9107E-03	1.4365E-02	1.9304E-02	-1.8394E-02	-1.2927E-02
2.9376E-03	1.4497E-02	1.9480E-02	-1.8557E-02	-1.3039E-02
2.9648E-03	1.4630E-02	1.9656E-02	-1.8723E-02	-1.3152E-02
2.9923E-03	1.4765E-02	1.9834E-02	-1.8889E-02	-1.3266E-02
3.0200E-03	1.4901E-02	2.0014E-02	-1.9057E-02	-1.3380E-02
3.0479E-03	1.5037E-02	2.0195E-02	-1.9226E-02	-1.3496E-02
3.0761E-03	1.5176E-02	2.0377E-02	-1.9396E-02	-1.3613E-02
3.1046E-03	1.5315E-02	2.0561E-02	-1.9568E-02	-1.3731E-02
3.1333E-03	1.5455E-02	2.0746E-02	-1.9741E-02	-1.3850E-02
3.1623E-03	1.5597E-02	2.0932E-02	-1.9916E-02	-1.3970E-02
3.1915E-03	1.5740E-02	2.1120E-02	-2.0092E-02	-1.4091E-02
3.2211E-03	1.5884E-02	2.1310E-02	-2.0270E-02	-1.4213E-02
3.2509E-03	1.6029E-02	2.1501E-02	-2.0449E-02	-1.4336E-02
3.2810E-03	1.6175E-02	2.1693E-02	-2.0629E-02	-1.4461E-02
3.3113E-03	1.6323E-02	2.1887E-02	-2.0811E-02	-1.4586E-02
3.3420E-03	1.6472E-02	2.2083E-02	-2.0995E-02	-1.4712E-02
3.3729E-03	1.6622E-02	2.2280E-02	-2.1179E-02	-1.4840E-02
3.4041E-03	1.6774E-02	2.2478E-02	-2.1366E-02	-1.4969E-02
3.4356E-03	1.6927E-02	2.2678E-02	-2.1554E-02	-1.5098E-02
3.4674E-03	1.7081E-02	2.2880E-02	-2.1743E-02	-1.5229E-02
3.4995E-03	1.7236E-02	2.3083E-02	-2.1934E-02	-1.5361E-02
3.5318E-03	1.7393E-02	2.3288E-02	-2.2126E-02	-1.5494E-02
3.5645E-03	1.7551E-02	2.3494E-02	-2.2320E-02	-1.5629E-02
3.5975E-03	1.7710E-02	2.3702E-02	-2.2516E-02	-1.5764E-02
3.6308E-03	1.7871E-02	2.3911E-02	-2.2713E-02	-1.5901E-02
3.6644E-03	1.8033E-02	2.4122E-02	-2.2911E-02	-1.6038E-02
3.6983E-03	1.8197E-02	2.4335E-02	-2.3111E-02	-1.6177E-02
3.7325E-03	1.8361E-02	2.4549E-02	-2.3313E-02	-1.6318E-02
3.7670E-03	1.8528E-02	2.4765E-02	-2.3516E-02	-1.6459E-02
3.8019E-03	1.8695E-02	2.4982E-02	-2.3721E-02	-1.6602E-02
3.8371E-03	1.8864E-02	2.5201E-02	-2.3928E-02	-1.6746E-02
3.8726E-03	1.9034E-02	2.5422E-02	-2.4136E-02	-1.6891E-02
3.9084E-03	1.9206E-02	2.5644E-02	-2.4346E-02	-1.7037E-02
3.9446E-03	1.9379E-02	2.5868E-02	-2.4557E-02	-1.7185E-02
3.9811E-03	1.9554E-02	2.6094E-02	-2.4771E-02	-1.7334E-02
4.0179E-03	1.9730E-02	2.6321E-02	-2.4985E-02	-1.7484E-02
4.0551E-03	1.9907E-02	2.6550E-02	-2.5202E-02	-1.7635E-02
4.0926E-03	2.0086E-02	2.6781E-02	-2.5420E-02	-1.7788E-02
4.1305E-03	2.0267E-02	2.7013E-02	-2.5640E-02	-1.7942E-02
4.1687E-03	2.0449E-02	2.7248E-02	-2.5861E-02	-1.8098E-02
4.2073E-03	2.0632E-02	2.7483E-02	-2.6085E-02	-1.8254E-02
4.2462E-03	2.0817E-02	2.7721E-02	-2.6310E-02	-1.8412E-02
4.2855E-03	2.1003E-02	2.7960E-02	-2.6537E-02	-1.8572E-02
4.3251E-03	2.1191E-02	2.8201E-02	-2.6765E-02	-1.8733E-02
4.3652E-03	2.1381E-02	2.8444E-02	-2.6995E-02	-1.8895E-02
4.4055E-03	2.1572E-02	2.8689E-02	-2.7227E-02	-1.9058E-02
4.4463E-03	2.1764E-02	2.8935E-02	-2.7461E-02	-1.9223E-02
4.4875E-03	2.1958E-02	2.9183E-02	-2.7697E-02	-1.9390E-02
4.5290E-03	2.2154E-02	2.9433E-02	-2.7934E-02	-1.9558E-02
4.5709E-03	2.2351E-02	2.9685E-02	-2.8173E-02	-1.9727E-02
4.6132E-03	2.2550E-02	2.9938E-02	-2.8414E-02	-1.9898E-02
4.6559E-03	2.2750E-02	3.0193E-02	-2.8657E-02	-2.0070E-02
4.6989E-03	2.2952E-02	3.0451E-02	-2.8902E-02	-2.0243E-02
4.7424E-03	2.3156E-02	3.0710E-02	-2.9149E-02	-2.0418E-02
4.7863E-03	2.3361E-02	3.0970E-02	-2.9397E-02	-2.0595E-02
4.8306E-03	2.3568E-02	3.1233E-02	-2.9647E-02	-2.0773E-02
4.8753E-03	2.3777E-02	3.1497E-02	-2.9900E-02	-2.0953E-02
4.9204E-03	2.3987E-02	3.1764E-02	-3.0154E-02	-2.1134E-02
4.9659E-03	2.4199E-02	3.2032E-02	-3.0410E-02	-2.1317E-02
5.0119E-03	2.4412E-02	3.2302E-02	-3.0668E-02	-2.1501E-02
5.0582E-03	2.4628E-02	3.2574E-02	-3.0928E-02	-2.1687E-02
5.1050E-03	2.4845E-02	3.2848E-02	-3.1189E-02	-2.1874E-02
5.1523E-03	2.5063E-02	3.3124E-02	-3.1453E-02	-2.2063E-02
5.2000E-03	2.5284E-02	3.3402E-02	-3.1719E-02	-2.2253E-02
5.2481E-03	2.5506E-02	3.3681E-02	-3.1987E-02	-2.2446E-02
5.2966E-03	2.5730E-02	3.3963E-02	-3.2256E-02	-2.2639E-02
5.3456E-03	2.5955E-02	3.4246E-02	-3.2528E-02	-2.2835E-02
5.3951E-03	2.6183E-02	3.4532E-02	-3.2802E-02	-2.3032E-02
5.4450E-03	2.6412E-02	3.4819E-02	-3.3077E-02	-2.3230E-02
5.4954E-03	2.6643E-02	3.5108E-02	-3.3355E-02	-2.3431E-02
5.5463E-03	2.6876E-02	3.5400E-02	-3.3635E-02	-2.3633E-02
5.5976E-03	2.7110E-02	3.5693E-02	-3.3917E-02	-2.3837E-02
5.6494E-03	2.7347E-02	3.5989E-02	-3.4201E-02	-2.4042E-02
5.7016E-03	2.7585E-02	3.6286E-02	-3.4487E-02	-2.4249E-02
5.7544E-03	2.7825E-02	3.6585E-02	-3.4775E-02	-2.4458E-02
5.8076E-03	2.8067E-02	3.6887E-02	-3.5065E-02	-2.4669E-02
5.8614E-03	2.8311E-02	3.7190E-02	-3.5357E-02	-2.4881E-02
5.9156E-03	2.8556E-02	3.7495E-02	-3.5651E-02	-2.5096E-02
5.9704E-03	2.8804E-02	3.7803E-02	-3.5948E-02	-2.5312E-02
6.0256E-03	2.9053E-02	3.8112E-02	-3.6247E-02	-2.5529E-02
6.0814E-03	2.9305E-02	3.8424E-02	-3.6547E-02	-2.5749E-02
6.1376E-03	2.9558E-02	3.8737E-02	-3.6850E-02	-2.5971E-02
6.1944E-03	2.9813E-02	3.9053E-02	-3.7155E-02	-2.6194E-02
6.2517E-03	3.0070E-02	3.9371E-02	-3.7463E-02	-2.6419E-02
6.3096E-03	3.0329E-02	3.9691E-02	-3.7772E-02	-2.6646E-02
6.3680E-03	3.0590E-02	4.0013E-02	-3.8084E-02	-2.6875E-02
6.4269E-03	3.0853E-02	4.0337E-02	-3.8398E-02	-2.7106E-02
6.4863E-03	3.1118E-02	4.0663E-02	-3.8714E-02	-2.7339E-02
6.5464E-03	3.1385E-02	4.0991E-02	-3.9032E-02	-2.7573E-02
6.6069E-03	3.1654E-02	4.1322E-02	-3.9353E-02	-2.7810E-02
6.6681E-03	3.1925E-02	4.1654E-02	-3.9676E-02	-2.8048E-02
6.7298E-03	3.2198E-02	4.1989E-02	-4.0001E-02	-2.8289E-02
6.7920E-03	3.2473E-02	4.2326E-02	-4.0328E-02	-2.8531E-02
6.8549E-03	3.2750E-02	4.2665E-02	-4.0658E-02	-2.8776E-02
6.9183E-03	3.3029E-02	4.3006E-02	-4.0990E-02	-2.9022E-02
6.9823E-03	3.3310E-02	4.3350E-02	-4.1324E-02	-2.9271E-02
7.0469E-03	3.3593E-02	4.3695E-02	-4.1661E-02	-2.9521E-02
7.1121E-03	3.3878E-02	4.4043E-02	-4.2000E-02	-2.9774E-02
7.1779E-03	3.4166E-02	4.4393E-02	-4.2341E-02	-3.0029E-02
7.2444E-03	3.4455E-02	4.4745E-02	-4.2685E-02	-3.0285E-02
7.3114E-03	3.4747E-02	4.5099E-02	-4.3031E-02	-3.0544E-02
7.3790E-03	3.5041E-02	4.5456E-02	-4.3379E-02	-3.0805E-02
7.4473E-03	3.5337E-02	4.5815E-02	-4.3730E-02	-3.1068E-02
7.5162E-03	3.5635E-02	4.6176E-02	-4.4083E-02	-3.1333E-02
7.5858E-03	3.5935E-02	4.6539E-02	-4.4439E-02	-3.1601E-02
7.6560E-03	3.6237E-02	4.6905E-02	-4.4797E-02	-3.1870E-02
7.7268E-03	3.6542E-02	4.7273E-02	-4.5158E-02	-3.2142E-02
7.7983E-03	3.6849E-02	4.7643E-02	-4.5520E-02	-3.2416E-02
7.8705E-03	3.7158E-02	4.8015E-02	-4.5886E-02	-3.2692E-02
7.9433E-03	3.7469E-02	4.8390E-02	-4.6254E-02	-3.2971E-02
8.0168E-03	3.7782E-02	4.8767E-02	-4.6624E-02	-3.3251E-02
8.0910E-03	3.8098E-02	4.9147E-02	-4.6997E-02	-3.3534E-02
8.1658E-03	3.8416E-02	4.9528E-02	-4.7372E-02	-3.3819E-02
8.2414E-03	3.8736E-02	4.9912E-02	-4.7750E-02	-3.4107E-02
8.3176E-03	3.9058E-02	5.0298E-02	-4.8131E-02	-3.4396E-02
8.3946E-03	3.9383E-02	5.0687E-02	-4.8513E-02	-3.4689E-02
8.4723E-03	3.9710E-02	5.1078E-02	-4.8899E-02	-3.4983E-02
8.5507E-03	4.0039E-02	5.1471E-02	-4.9287E-02	-3.5280E-02
8.6298E-03	4.0371E-02	5.1867E-02	-4.9678E-02	-3.5579E-02
8.7096E-03	4.0705E-02	5.2265E-02	-5.0071E-02	-3.5880E-02
8.7902E-03	4.1041E-02	5.2665E-02	-5.0466E-02	-3.6184E-02
8.8716E-03	4.1380E-02	5.3068E-02	-5.0865E-02	-3.6491E-02
8.9536E-03	4.1721E-02	5.3473E-02	-5.1266E-02	-3.6800E-02
9.0365E-03	4.2064E-02	5.3881E-02	-5.1669E-02	-3.7111E-02
9.1201E-03	4.2410E-02	5.4291E-02	-5.2076E-02	-3.7424E-02
9.2045E-03	4.2758E-02	5.4703E-02	-5.2484E-02	-3.7741E-02
9.2897E-03	4.3108E-02	5.5118E-02	-5.2896E-02	-3.8059E-02
9.3756E-03	4.3461E-02	5.5535E-02	-5.3310E-02	-3.8381E-02
9.4624E-03	4.3817E-02	5.5955E-02	-5.3727E-02	-3.8704E-02
9.5499E-03	4.4174E-02	5.6377E-02	-5.4147E-02	-3.9031E-02
9.6383E-03	4.4535E-02	5.6801E-02	-5.4569E-02	-3.9359E-02
9.7275E-03	4.4897E-02	5.7228E-02	-5.4994E-02	-3.9691E-02
9.8175E-03	4.5262E-02	5.7657E-02	-5.5421E-02	-4.0025E-02
9.9083E-03	4.5630E-02	5.8089E-02	-5.5852E-02	-4.0361E-02
1.0000E-02	4.6000E-02	5.8524E-02	-5.6285E-02	-4.0701E-02
1.1984E-02	5.3791E-02	6.7571E-02	-6.5368E-02	-4.7925E-02
1.3968E-02	6.1198E-02	7.6018E-02	-7.3949E-02	-5.4934E-02
1.5952E-02	6.8261E-02	8.3953E-02	-8.2089E-02	-6.1742E-02
1.7936E-02	7.5016E-02	9.1449E-02	-8.9844E-02	-6.8359E-02
1.9920E-02	8.1494E-02	9.8563E-02	-9.7257E-02	-7.4797E-02
2.1904E-02	8.7722E-02	1.0534E-01	-1.0437E-01	-8.1068E-02
2.3888E-02	9.3724E-02	1.1183E-01	-1.1120E-01	-8.7182E-02
2.5872E-02	9.9521E-02	1.1805E-01	-1.1779E-01	-9.3147E-02
2.7856E-02	1.0513E-01	1.2404E-01	-1.2416E-01	-9.8973E-02
2.9840E-02	1.1057E-01	1.2981E-01	-1.3032E-01	-1.0467E-01
3.1824E-02	1.1585E-01	1.3540E-01	-1.3630E-01	-1.1024E-01
3.3808E-02	1.2099E-01	1.4081E-01	-1.4210E-01	-1.1569E-01
3.5792E-02	1.2600E-01	1.4606E-01	-1.4776E-01	-1.2103E-01
3.7776E-02	1.3088E-01	1.5117E-01	-1.5326E-01	-1.2627E-01
3.9760E-02	1.3564E-01	1.5615E-01	-1.5863E-01	-1.3141E-01
4.1743E-02	1.4031E-01	1.6100E-01	-1.6388E-01	-1.3645E-01
4.3727E-02	1.4487E-01	1.6574E-01	-1.6901E-01	-1.4140E-01
4.5711E-02	1.4934E-01	1.7038E-01	-1.7403E-01	-1.4627E-01
4.7695E-02	1.5373E-01	1.7492E-01	-1.7895E-01	-1.5106E-01
4.9679E-02	1.5803E-01	1.7937E-01	-1.8378E-01	-1.5577E-01
5.1663E-02	1.6226E-01	1.8373E-01	-1.8851E-01	-1.6040E-01
5.3647E-02	1.6642E-01	1.8801E-01	-1.9316E-01	-1.6496E-01
5.5631E-02	1.7051E-01	1.9222E-01	-1.9772E-01	-1.6946E-01
5.7615E-02	1.7454E-01	1.9636E-01	-2.0222E-01	-1.7388E-01
5.9599E-02	1.7850E-01	2.0043E-01	-2.0663E-01	-1.7825E-01
6.1583E-02	1.8241E-01	2.0444E-01	-2.1098E-01	-1.8255E-01
6.3567E-02	1.8627E-01	2.0838E-01	-2.1527E-01	-1.8680E-01
6.5551E-02	1.9008E-01	2.1228E-01	-2.1949E-01	-1.9099E-01
6.7535E-02	1.9384E-01	2.1612E-01	-2.2365E-01	-1.9513E-01
6.9519E-02	1.9755E-01	2.1991E-01	-2.2776E-01	-1.9922E-01
7.1503E-02	2.0122E-01	2.2365E-01	-2.3181E-01	-2.0325E-01
7.3487E-02	2.0485E-01	2.2735E-01	-2.3581E-01	-2.0724E-01
7.5471E-02	2.0844E-01	2.3100E-01	-2.3976E-01	-2.1118E-01
7.7455E-02	2.1199E-01	2.3461E-01	-2.4366E-01	-2.1508E-01
7.9439E-02	2.1551E-01	2.3818E-01	-2.4751E-01	-2.1893E-01
8.1423E-02	2.1899E-01	2.4172E-01	-2.5132E-01	-2.2274E-01
8.3407E-02	2.2244E-01	2.4521E-01	-2.5509E-01	-2.2651E-01
8.5391E-02	2.2586E-01	2.4868E-01	-2.5881E-01	-2.3024E-01
8.7375E-02	2.2924E-01	2.5210E-01	-2.6249E-01	-2.3393E-01
8.9359E-02	2.3260E-01	2.5550E-01	-2.6614E-01	-2.3758E-01
9.1343E-02	2.3593E-01	2.5887E-01	-2.6975E-01	-2.4120E-01
9.3327E-02	2.3924E-01	2.6220E-01	-2.7332E-01	-2.4478E-01
9.5311E-02	2.4251E-01	2.6551E-01	-2.7685E-01	-2.4832E-01
9.7295E-02	2.4577E-01	2.6879E-01	-2.8035E-01	-2.5183E-01
9.9279E-02	2.4900E-01	2.7205E-01	-2.8382E-01	-2.5531E-01
1.0126E-01	2.5221E-01	2.7527E-01	-2.8726E-01	-2.5876E-01
1.0325E-01	2.5539E-01	2.7848E-01	-2.9066E-01	-2.6217E-01
1.0523E-01	2.5855E-01	2.8166E-01	-2.9403E-01	-2.6556E-01
1.0721E-01	2.6170E-01	2.8481E-01	-2.9737E-01	-2.6891E-01
1.0920E-01	2.6482E-01	2.8795E-01	-3.0069E-01	-2.7224E-01
1.1118E-01	2.6793E-01	2.9106E-01	-3.0397E-01	-2.7553E-01
1.1317E-01	2.7101E-01	2.9415E-01	-3.0723E-01	-2.7880E-01
1.1515E-01	2.7408E-01	2.9722E-01	-3.1045E-01	-2.8204E-01
1.1713E-01	2.7713E-01	3.0027E-01	-3.1366E-01	-2.8526E-01
1.1912E-01	2.8017E-01	3.0331E-01	-3.1683E-01	-2.8844E-01
1.2110E-01	2.8319E-01	3.0632E-01	-3.1998E-01	-2.9160E-01
1.2309E-01	2.8619E-01	3.0932E-01	-3.2311E-01	-2.9474E-01
1.2507E-01	2.8918E-01	3.1229E-01	-3.2621E-01	-2.9785E-01
1.2705E-01	2.9215E-01	3.1525E-01	-3.2928E-01	-3.0094E-01
1.2904E-01	2.9511E-01	3.1820E-01	-3.3234E-01	-3.0400E-01
1.3102E-01	2.9805E-01	3.2113E-01	-3.3536E-01	-3.0704E-01
1.3301E-01	3.0098E-01	3.2404E-01	-3.3837E-01	-3.1006E-01
1.3499E-01	3.0390E-01	3.2694E-01	-3.4135E-01	-3.1305E-01
1.3697E-01	3.0681E-01	3.2982E-01	-3.4432E-01	-3.1602E-01
1.3896E-01	3.0970E-01	3.3269E-01	-3.4726E-01	-3.1897E-01
1.4094E-01	3.1258E-01	3.3554E-01	-3.5017E-01	-3.2189E-01
1.4293E-01	3.1545E-01	3.3838E-01	-3.5307E-01	-3.2480E-01
1.4491E-01	3.1831E-01	3.4121E-01	-3.5595E-01	-3.2768E-01
1.4689E-01	3.2116E-01	3.4402E-01	-3.5880E-01	-3.3054E-01
1.4888E-01	3.2399E-01	3.4682E-01	-3.6164E-01	-3.3338E-01
1.5086E-01	3.2682E-01	3.4961E-01	-3.6445E-01	-3.3620E-01
1.5285E-01	3.2963E-01	3.5238E-01	-3.6725E-01	-3.3900E-01
1.5483E-01	3.3244E-01	3.5515E-01	-3.7002E-01	-3.4178E-01
1.5681E-01	3.3523E-01	3.5790E-01	-3.7278E-01	-3.4454E-01
1.5880E-01	3.3802E-01	3.6064E-01	-3.7552E-01	-3.4729E-01
1.6078E-01	3.4080E-01	3.6337E-01	-3.7823E-01	-3.5001E-01
1.6277E-01	3.4357E-01	3.6608E-01	-3.8093E-01	-3.5271E-01
1.6475E-01	3.4632E-01	3.6879E-01	-3.8361E-01	-3.5540E-01
1.6673E-01	3.4907E-01	3.7149E-01	-3.8628E-01	-3.5806E-01
1.6872E-01	3.5182E-01	3.7417E-01	-3.8892E-01	-3.6071E-01
1.7070E-01	3.5455E-01	3.7685E-01	-3.9155E-01	-3.6334E-01
1.7269E-01	3.5727E-01	3.7951E-01	-3.9416E-01	-3.6595E-01
1.7467E-01	3.5999E-01	3.8217E-01	-3.9675E-01	-3.6854E-01
1.7665E-01	3.6270E-01	3.8482E-01	-3.9932E-01	-3.7111E-01
1.7864E-01	3.6540E-01	3.8745E-01	-4.0188E-01	-3.7367E-01
1.8062E-01	3.6810E-01	3.9008E-01	-4.0441E-01	-3.7621E-01
1.8261E-01	3.7078E-01	3.9270E-01	-4.0694E-01	-3.7873E-01
1.8459E-01	3.7346E-01	3.9531E-01	-4.0944E-01	-3.8124E-01
1.8657E-01	3.7613E-01	3.9791E-01	-4.1193E-01	-3.8373E-01
1.8856E-01	3.7880E-01	4.0050E-01	-4.1440E-01	-3.8620E-01
1.9054E-01	3.8146E-01	4.0308E-01	-4.1685E-01	-3.8865E-01
1.9253E-01	3.8411E-01	4.0566E-01	-4.1929E-01	-3.9109E-01
1.9451E-01	3.8676E-01	4.0823E-01	-4.2171E-01	-3.9351E-01
1.9649E-01	3.8940E-01	4.1079E-01	-4.2411E-01	-3.9591E-01
1.9848E-01	3.9203E-01	4.1334E-01	-4.2650E-01	-3.9830E-01
2.0046E-01	3.9465E-01	4.1588E-01	-4.2887E-01	-4.0067E-01
2.0244E-01	3.9728E-01	4.1842E-01	-4.3123E-01	-4.0303E-01
2.0443E-01	3.9989E-01	4.2094E-01	-4.3357E-01	-4.0537E-01
2.0641E-01	4.0250E-01	4.2347E-01	-4.3589E-01	-4.0769E-01
2.0840E-01	4.0510E-01	4.2598E-01	-4.3820E-01	-4.1000E-01
2.1038E-01	4.0770E-01	4.2849E-01	-4.4049E-01	-4.1229E-01
2.1236E-01	4.1029E-01	4.3099E-01	-4.4276E-01	-4.1456E-01
2.1435E-01	4.1287E-01	4.3348E-01	-4.4502E-01	-4.1682E-01
2.1633E-01	4.1545E-01	4.3596E-01	-4.4727E-01	-4.1907E-01
2.1832E-01	4.1803E-01	4.3844E-01	-4.4950E-01	-4.2129E-01
2.2030E-01	4.2060E-01	4.4091E-01	-4.5171E-01	-4.2351E-01
2.2228E-01	4.2316E-01	4.4338E-01	-4.5390E-01	-4.2570E-01
2.2427E-01	4.2572E-01	4.4584E-01	-4.5608E-01	-4.2788E-01
2.2625E-01	4.2827E-01	4.4829E-01	-4.5825E-01	-4.3005E-01
2.2824E-01	4.3082E-01	4.5074E-01	-4.6040E-01	-4.3220E-01
2.3022E-01	4.3337E-01	4.5318E-01	-4.6253E-01	-4.3433E-01
2.3220E-01	4.3591E-01	4.5561E-01	-4.6465E-01	-4.3645E-01
2.3419E-01	4.3844E-01	4.5804E-01	-4.6675E-01	-4.3856E-01
2.3617E-01	4.4097E-01	4.6046E-01	-4.6884E-01	-4.4065E-01
2.3816E-01	4.4349E-01	4.6288E-01	-4.7091E-01	-4.4272E-01
2.4014E-01	4.4601E-01	4.6529E-01	-4.7297E-01	-4.4478E-01
2.4212E-01	4.4853E-01	4.6769E-01	-4.7501E-01	-4.4682E-01
2.4411E-01	4.5104E-01	4.7009E-01	-4.7704E-01	-4.4885E-01
2.4609E-01	4.5354E-01	4.7249E-01	-4.7905E-01	-4.5087E-01
2.4808E-01	4.5604E-01	4.7487E-01	-4.8104E-01	-4.5287E-01
2.5006E-01	4.5854E-01	4.7726E-01	-4.8302E-01	-4.5485E-01
2.5204E-01	4.6103E-01	4.7963E-01	-4.8499E-01	-4.5682E-01
2.5403E-01	4.6352E-01	4.8200E-01	-4.8693E-01	-4.5877E-01
2.5601E-01	4.6600E-01	4.8437E-01	-4.8887E-01	-4.6071E-01
2.5800E-01	4.6848E-01	4.8673E-01	-4.9078E-01	-4.6263E-01
2.5998E-01	4.7095E-01	4.8909E-01	-4.9269E-01	-4.6454E-01
2.6196E-01	4.7342E-01	4.9144E-01	-4.9457E-01	-4.6643E-01
2.6395E-01	4.7589E-01	4.9378E-01	-4.9644E-01	-4.6831E-01
2.6593E-01	4.7835E-01	4.9612E-01	-4.9830E-01	-4.7018E-01
2.6792E-01	4.8081E-01	4.9846E-01	-5.0014E-01	-4.7202E-01
2.6990E-01	4.8326E-01	5.0079E-01	-5.0196E-01	-4.7386E-01
2.7188E-01	4.8571E-01	5.0312E-01	-5.0377E-01	-4.7568E-01
2.7387E-01	4.8815E-01	5.0544E-01	-5.0557E-01	-4.7748E-01
2.7585E-01	4.9059E-01	5.0775E-01	-5.0734E-01	-4.7927E-01
2.7784E-01	4.9303E-01	5.1007E-01	-5.0911E-01	-4.8104E-01
2.7982E-01	4.9546E-01	5.1237E-01	-5.1085E-01	-4.8280E-01
2.8180E-01	4.9789E-01	5.1468E-01	-5.1258E-01	-4.8454E-01
2.8379E-01	5.0031E-01	5.1697E-01	-5.1430E-01	-4.8627E-01
2.8577E-01	5.0274E-01	5.1927E-01	-5.1600E-01	-4.8798E-01
2.8776E-01	5.0515E-01	5.2155E-01	-5.1768E-01	-4.8968E-01
2.8974E-01	5.0756E-01	5.2384E-01	-5.1935E-01	-4.9136E-01
2.9172E-01	5.0997E-01	5.2612E-01	-5.2100E-01	-4.9303E-01
2.9371E-01	5.1238E-01	5.2839E-01	-5.2264E-01	-4.9469E-01
2.9569E-01	5.1478E-01	5.3067E-01	-5.2426E-01	-4.9632E-01
2.9768E-01	5.1717E-01	5.3293E-01	-5.2586E-01	-4.9795E-01
2.9966E-01	5.1957E-01	5.3520E-01	-5.2745E-01	-4.9955E-01
3.0164E-01	5.2195E-01	5.3745E-01	-5.2902E-01	-5.0115E-01
3.0363E-01	5.2434E-01	5.3971E-01	-5.3058E-01	-5.0272E-01
3.0561E-01	5.2672E-01	5.4196E-01	-5.3212E-01	-5.0428E-01
3.0760E-01	5.2910E-01	5.4420E-01	-5.3364E-01	-5.0583E-01
3.0958E-01	5.3147E-01	5.4645E-01	-5.3515E-01	-5.0736E-01
3.1156E-01	5.3384E-01	5.4868E-01	-5.3664E-01	-5.0888E-01
3.1355E-01	5.3620E-01	5.5092E-01	-5.3811E-01	-5.1038E-01
3.1553E-01	5.3857E-01	5.5315E-01	-5.3957E-01	-5.1186E-01
3.1751E-01	5.4092E-01	5.5537E-01	-5.4102E-01	-5.1333E-01
3.1950E-01	5.4328E-01	5.5759E-01	-5.4244E-01	-5.1478E-01
3.2148E-01	5.4563E-01	5.5981E-01	-5.4385E-01	-5.1622E-01
3.2347E-01	5.4797E-01	5.6202E-01	-5.4524E-01	-5.1764E-01
3.2545E-01	5.5031E-01	5.6423E-01	-5.4662E-01	-5.1905E-01
3.2743E-01	5.5265E-01	5.6644E-01	-5.4798E-01	-5.2044E-01
3.2942E-01	5.5499E-01	5.6864E-01	-5.4932E-01	-5.2181E-01
3.3140E-01	5.5732E-01	5.7084E-01	-5.5065E-01	-5.2317E-01
3.3339E-01	5.5964E-01	5.7303E-01	-5.5195E-01	-5.2452E-01
3.3537E-01	5.6197E-01	5.7522E-01	-5.5325E-01	-5.2584E-01
3.3735E-01	5.6429E-01	5.7741E-01	-5.5452E-01	-5.2716E-01
3.3934E-01	5.6660E-01	5.7959E-01	-5.5578E-01	-5.2845E-01
3.4132E-01	5.6891E-01	5.8177E-01	-5.5702E-01	-5.2973E-01
3.4331E-01	5.7122E-01	5.8395E-01	-5.5824E-01	-5.3099E-01
3.4529E-01	5.7352E-01	5.8612E-01	-5.5945E-01	-5.3224E-01
3.4727E-01	5.7582E-01	5.8829E-01	-5.6064E-01	-5.3347E-01
3.4926E-01	5.7812E-01	5.9045E-01	-5.6181E-01	-5.3468E-01
3.5124E-01	5.8041E-01	5.9261E-01	-5.6296E-01	-5.3588E-01
3.5323E-01	5.8270E-01	5.9477E-01	-5.6410E-01	-5.3706E-01
3.5521E-01	5.8498E-01	5.9692E-01	-5.6522E-01	-5.3823E-01
3.5719E-01	5.8726E-01	5.9907E-01	-5.6632E-01	-5.3937E-01
3.5918E-01	5.8954E-01	6.0122E-01	-5.6740E-01	-5.4051E-01
3.6116E-01	5.9181E-01	6.0336E-01	-5.6846E-01	-5.4162E-01
3.6315E-01	5.9408E-01	6.0550E-01	-5.6951E-01	-5.4272E-01
3.6513E-01	5.9634E-01	6.0763E-01	-5.7054E-01	-5.4380E-01
3.6711E-01	5.9860E-01	6.0976E-01	-5.7155E-01	-5.4486E-01
3.6910E-01	6.0086E-01	6.1189E-01	-5.7254E-01	-5.4591E-01
3.7108E-01	6.0311E-01	6.1401E-01	-5.7352E-01	-5.4694E-01
3.7307E-01	6.0535E-01	6.1613E-01	-5.7447E-01	-5.4795E-01
3.7505E-01	6.0760E-01	6.1825E-01	-5.7541E-01	-5.4894E-01
3.7703E-01	6.0984E-01	6.2036E-01	-5.7633E-01	-5.4992E-01
3.7902E-01	6.1207E-01	6.2247E-01	-5.7723E-01	-5.5088E-01
3.8100E-01	6.1431E-01	6.2458E-01	-5.7811E-01	-5.5182E-01
3.8299E-01	6.1653E-01	6.2668E-01	-5.7897E-01	-5.5274E-01
3.8497E-01	6.1876E-01	6.2878E-01	-5.7981E-01	-5.5365E-01
3.8695E-01	6.2098E-01	6.3087E-01	-5.8064E-01	-5.5454E-01
3.8894E-01	6.2319E-01	6.3297E-01	-5.8144E-01	-5.5541E-01
3.9092E-01	6.2540E-01	6.3505E-01	-5.8223E-01	-5.5626E-01
3.9291E-01	6.2761E-01	6.3714E-01	-5.8300E-01	-5.5710E-01
3.9489E-01	6.2981E-01	6.3922E-01	-5.8374E-01	-5.5791E-01
3.9687E-01	6.3201E-01	6.4130E-01	-5.8447E-01	-5.5871E-01
3.9886E-01	6.3420E-01	6.4337E-01	-5.8518E-01	-5.5949E-01
4.0084E-01	6.3639E-01	6.4544E-01	-5.8586E-01	-5.6025E-01
4.0283E-01	6.3858E-01	6.4751E-01	-5.8653E-01	-5.6099E-01
4.0481E-01	6.4076E-01	6.4957E-01	-5.8718E-01	-5.6171E-01
4.0679E-01	6.4294E-01	6.5163E-01	-5.8781E-01	-5.6242E-01
4.0878E-01	6.4511E-01	6.5368E-01	-5.8841E-01	-5.6310E-01
4.1076E-01	6.4728E-01	6.5573E-01	-5.8900E-01	-5.6377E-01
4.1275E-01	6.4944E-01	6.5778E-01	-5.8957E-01	-5.6442E-01
4.1473E-01	6.5160E-01	6.5983E-01	-5.9011E-01	-5.6504E-01
4.1671E-01	6.5376E-01	6.6187E-01	-5.9064E-01	-5.6565E-01
4.1870E-01	6.5591E-01	6.6390E-01	-5.9114E-01	-5.6624E-01
4.2068E-01	6.5806E-01	6.6594E-01	-5.9162E-01	-5.6681E-01
4.2267E-01	6.6020E-01	6.6797E-01	-5.9209E-01	-5.6735E-01
4.2465E-01	6.6234E-01	6.6999E-01	-5.9253E-01	-5.6788E-01
4.2663E-01	6.6447E-01	6.7201E-01	-5.9295E-01	-5.6839E-01
4.2862E-01	6.6660E-01	6.7403E-01	-5.9334E-01	-5.6888E-01
4.3060E-01	6.6872E-01	6.7605E-01	-5.9372E-01	-5.6934E-01
4.3259E-01	6.7084E-01	6.7806E-01	-5.9407E-01	-5.6979E-01
4.3457E-01	6.7296E-01	6.8007E-01	-5.9441E-01	-5.7022E-01
4.3655E-01	6.7507E-01	6.8207E-01	-5.9472E-01	-5.7062E-01
4.3854E-01	6.7717E-01	6.8407E-01	-5.9501E-01	-5.7101E-01
4.4052E-01	6.7927E-01	6.8606E-01	-5.9527E-01	-5.7137E-01
4.4251E-01	6.8137E-01	6.8806E-01	-5.9552E-01	-5.7171E-01
4.4449E-01	6.8346E-01	6.9004E-01	-5.9574E-01	-5.7203E-01
4.4647E-01	6.8555E-01	6.9203E-01	-5.9593E-01	-5.7233E-01
4.4846E-01	6.8763E-01	6.9401E-01	-5.9611E-01	-5.7261E-01
4.5044E-01	6.8971E-01	6.9599E-01	-5.9626E-01	-5.7286E-01
4.5242E-01	6.9178E-01	6.9796E-01	-5.9639E-01	-5.7309E-01
4.5441E-01	6.9385E-01	6.9993E-01	-5.9650E-01	-5.7330E-01
4.5639E-01	6.9591E-01	7.0189E-01	-5.9658E-01	-5.7349E-01
4.5838E-01	6.9797E-01	7.0385E-01	-5.9664E-01	-5.7366E-01
4.6036E-01	7.0002E-01	7.0581E-01	-5.9667E-01	-5.7380E-01
4.6234E-01	7.0207E-01	7.0776E-01	-5.9668E-01	-5.7392E-01
4.6433E-01	7.0411E-01	7.0971E-01	-5.9667E-01	-5.7402E-01
4.6631E-01	7.0615E-01	7.1165E-01	-5.9663E-01	-5.7409E-01
4.6830E-01	7.0819E-01	7.1360E-01	-5.9657E-01	-5.7414E-01
4.7028E-01	7.1021E-01	7.1553E-01	-5.9648E-01	-5.7417E-01
4.7226E-01	7.1224E-01	7.1746E-01	-5.9637E-01	-5.7417E-01
4.7425E-01	7.1426E-01	7.1939E-01	-5.9623E-01	-5.7415E-01
4.7623E-01	7.1627E-01	7.2132E-01	-5.9607E-01	-5.7410E-01
4.7822E-01	7.1828E-01	7.2324E-01	-5.9588E-01	-5.7403E-01
4.8020E-01	7.2028E-01	7.2515E-01	-5.9566E-01	-5.7394E-01
4.8218E-01	7.2228E-01	7.2706E-01	-5.9542E-01	-5.7382E-01
4.8417E-01	7.2427E-01	7.2897E-01	-5.9516E-01	-5.7367E-01
4.8615E-01	7.2626E-01	7.3087E-01	-5.9487E-01	-5.7350E-01
4.8814E-01	7.2824E-01	7.3277E-01	-5.9455E-01	-5.7331E-01
4.9012E-01	7.3022E-01	7.3467E-01	-5.9420E-01	-5.7309E-01
4.9210E-01	7.3219E-01	7.3656E-01	-5.9383E-01	-5.7284E-01
4.9409E-01	7.3415E-01	7.3844E-01	-5.9343E-01	-5.7257E-01
4.9607E-01	7.3612E-01	7.4032E-01	-5.9301E-01	-5.7227E-01
4.9806E-01	7.3807E-01	7.4220E-01	-5.9255E-01	-5.7194E-01
5.0004E-01	7.4002E-01	7.4407E-01	-5.9207E-01	-5.7159E-01
5.0202E-01	7.4197E-01	7.4594E-01	-5.9156E-01	-5.7121E-01
5.0401E-01	7.4391E-01	7.4780E-01	-5.9103E-01	-5.7080E-01
5.0599E-01	7.4584E-01	7.4966E-01	-5.9046E-01	-5.7037E-01
5.0798E-01	7.4777E-01	7.5152E-01	-5.8987E-01	-5.6991E-01
5.0996E-01	7.4969E-01	7.5337E-01	-5.8925E-01	-5.6942E-01
5.1194E-01	7.5161E-01	7.5521E-01	-5.8859E-01	-5.6890E-01
5.1393E-01	7.5352E-01	7.5705E-01	-5.8791E-01	-5.6835E-01
5.1591E-01	7.5543E-01	7.5889E-01	-5.8720E-01	-5.6778E-01
5.1790E-01	7.5733E-01	7.6072E-01	-5.8646E-01	-5.6717E-01
5.1988E-01	7.5922E-01	7.6255E-01	-5.8569E-01	-5.6654E-01
5.2186E-01	7.6111E-01	7.6437E-01	-5.8489E-01	-5.6588E-01
5.2385E-01	7.6299E-01	7.6618E-01	-5.8406E-01	-5.6518E-01
5.2583E-01	7.6487E-01	7.6800E-01	-5.8320E-01	-5.6446E-01
5.2782E-01	7.6674E-01	7.6980E-01	-5.8231E-01	-5.6371E-01
5.2980E-01	7.6861E-01	7.7160E-01	-5.8138E-01	-5.6292E-01
5.3178E-01	7.7047E-01	7.7340E-01	-5.8043E-01	-5.6211E-01
5.3377E-01	7.7232E-01	7.7519E-01	-5.7944E-01	-5.6126E-01
5.3575E-01	7.7417E-01	7.7698E-01	-5.7842E-01	-5.6039E-01
5.3774E-01	7.7601E-01	7.7876E-01	-5.7737E-01	-5.5948E-01
5.3972E-01	7.7785E-01	7.8054E-01	-5.7628E-01	-5.5853E-01
5.4170E-01	7.7968E-01	7.8231E-01	-5.7516E-01	-5.5756E-01
5.4369E-01	7.8150E-01	7.8408E-01	-5.7401E-01	-5.5655E-01
5.4567E-01	7.8332E-01	7.8584E-01	-5.7283E-01	-5.5551E-01
5.4766E-01	7.8514E-01	7.8760E-01	-5.7161E-01	-5.5444E-01
5.4964E-01	7.8694E-01	7.8935E-01	-5.7036E-01	-5.5333E-01
5.5162E-01	7.8874E-01	7.9110E-01	-5.6907E-01	-5.5219E-01
5.5361E-01	7.9054E-01	7.9284E-01	-5.6775E-01	-5.5102E-01
5.5559E-01	7.9232E-01	7.9457E-01	-5.6639E-01	-5.4981E-01
5.5758E-01	7.9411E-01	7.9630E-01	-5.6499E-01	-5.4856E-01
5.5956E-01	7.9588E-01	7.9803E-01	-5.6357E-01	-5.4728E-01
5.6154E-01	7.9765E-01	7.9975E-01	-5.6210E-01	-5.4596E-01
5.6353E-01	7.9941E-01	8.0146E-01	-5.6060E-01	-5.4461E-01
5.6551E-01	8.0117E-01	8.0317E-01	-5.5906E-01	-5.4322E-01
5.6749E-01	8.0292E-01	8.0487E-01	-5.5749E-01	-5.4180E-01
5.6948E-01	8.0467E-01	8.0657E-01	-5.5587E-01	-5.4033E-01
5.7146E-01	8.0640E-01	8.0826E-01	-5.5422E-01	-5.3883E-01
5.7345E-01	8.0813E-01	8.0995E-01	-5.5253E-01	-5.3729E-01
5.7543E-01	8.0986E-01	8.1163E-01	-5.5080E-01	-5.3571E-01
5.7741E-01	8.1158E-01	8.1331E-01	-5.4904E-01	-5.3410E-01
5.7940E-01	8.1329E-01	8.1498E-01	-5.4723E-01	-5.3244E-01
5.8138E-01	8.1500E-01	8.1664E-01	-5.4538E-01	-5.3075E-01
5.8337E-01	8.1669E-01	8.1830E-01	-5.4350E-01	-5.2901E-01
5.8535E-01	8.1839E-01	8.1995E-01	-5.4157E-01	-5.2723E-01
5.8733E-01	8.2007E-01	8.2160E-01	-5.3960E-01	-5.2542E-01
5.8932E-01	8.2175E-01	8.2324E-01	-5.3759E-01	-5.2356E-01
5.9130E-01	8.2342E-01	8.2487E-01	-5.3554E-01	-5.2166E-01
5.9329E-01	8.2509E-01	8.2650E-01	-5.3344E-01	-5.1972E-01
5.9527E-01	8.2675E-01	8.2812E-01	-5.3131E-01	-5.1773E-01
5.9725E-01	8.2840E-01	8.2974E-01	-5.2913E-01	-5.1570E-01
5.9924E-01	8.3005E-01	8.3135E-01	-5.2690E-01	-5.1363E-01
6.0122E-01	8.3169E-01	8.3295E-01	-5.2463E-01	-5.1151E-01
6.0321E-01	8.3332E-01	8.3455E-01	-5.2232E-01	-5.0935E-01
6.0519E-01	8.3494E-01	8.3614E-01	-5.1996E-01	-5.0715E-01
6.0717E-01	8.3656E-01	8.3773E-01	-5.1756E-01	-5.0490E-01
6.0916E-01	8.3817E-01	8.3931E-01	-5.1511E-01	-5.0260E-01
6.1114E-01	8.3978E-01	8.4088E-01	-5.1262E-01	-5.0025E-01
6.1313E-01	8.4138E-01	8.4245E-01	-5.1008E-01	-4.9786E-01
6.1511E-01	8.4297E-01	8.4401E-01	-5.0749E-01	-4.9542E-01
6.1709E-01	8.4455E-01	8.4557E-01	-5.0485E-01	-4.9294E-01
6.1908E-01	8.4613E-01	8.4711E-01	-5.0216E-01	-4.9040E-01
6.2106E-01	8.4770E-01	8.4866E-01	-4.9943E-01	-4.8782E-01
6.2305E-01	8.4926E-01	8.5019E-01	-4.9664E-01	-4.8518E-01
6.2503E-01	8.5082E-01	8.5172E-01	-4.9381E-01	-4.8250E-01
6.2701E-01	8.5236E-01	8.5324E-01	-4.9093E-01	-4.7976E-01
6.2900E-01	8.5391E-01	8.5476E-01	-4.8799E-01	-4.7698E-01
6.3098E-01	8.5544E-01	8.5627E-01	-4.8500E-01	-4.7414E-01
6.3297E-01	8.5697E-01	8.5777E-01	-4.8196E-01	-4.7125E-01
6.3495E-01	8.5849E-01	8.5927E-01	-4.7887E-01	-4.6830E-01
6.3693E-01	8.6000E-01	8.6076E-01	-4.7573E-01	-4.6531E-01
6.3892E-01	8.6151E-01	8.6224E-01	-4.7253E-01	-4.6225E-01
6.4090E-01	8.6300E-01	8.6371E-01	-4.6927E-01	-4.5915E-01
6.4289E-01	8.6449E-01	8.6518E-01	-4.6596E-01	-4.5598E-01
6.4487E-01	8.6598E-01	8.6665E-01	-4.6260E-01	-4.5276E-01
6.4685E-01	8.6745E-01	8.6810E-01	-4.5918E-01	-4.4949E-01
6.4884E-01	8.6892E-01	8.6955E-01	-4.5570E-01	-4.4616E-01
6.5082E-01	8.7038E-01	8.7099E-01	-4.5217E-01	-4.4277E-01
6.5281E-01	8.7184E-01	8.7243E-01	-4.4857E-01	-4.3932E-01
6.5479E-01	8.7328E-01	8.7385E-01	-4.4492E-01	-4.3581E-01
6.5677E-01	8.7472E-01	8.7527E-01	-4.4121E-01	-4.3224E-01
6.5876E-01	8.7616E-01	8.7669E-01	-4.3744E-01	-4.2861E-01
6.6074E-01	8.7758E-01	8.7810E-01	-4.3361E-01	-4.2492E-01
6.6273E-01	8.7900E-01	8.7949E-01	-4.2972E-01	-4.2117E-01
6.6471E-01	8.8041E-01	8.8089E-01	-4.2576E-01	-4.1735E-01
6.6669E-01	8.8181E-01	8.8227E-01	-4.2174E-01	-4.1347E-01
6.6868E-01	8.8320E-01	8.8365E-01	-4.1766E-01	-4.0953E-01
6.7066E-01	8.8459E-01	8.8502E-01	-4.1352E-01	-4.0552E-01
6.7265E-01	8.8597E-01	8.8639E-01	-4.0931E-01	-4.0145E-01
6.7463E-01	8.8734E-01	8.8774E-01	-4.0503E-01	-3.9731E-01
6.7661E-01	8.8870E-01	8.8909E-01	-4.0069E-01	-3.9310E-01
6.7860E-01	8.9006E-01	8.9044E-01	-3.9628E-01	-3.8883E-01
6.8058E-01	8.9140E-01	8.9177E-01	-3.9181E-01	-3.8449E-01
6.8257E-01	8.9274E-01	8.9310E-01	-3.8727E-01	-3.8008E-01
6.8455E-01	8.9408E-01	8.9442E-01	-3.8265E-01	-3.7560E-01
6.8653E-01	8.9540E-01	8.9573E-01	-3.7797E-01	-3.7104E-01
6.8852E-01	8.9672E-01	8.9704E-01	-3.7322E-01	-3.6642E-01
6.9050E-01	8.9803E-01	8.9833E-01	-3.6839E-01	-3.6173E-01
6.9249E-01	8.9933E-01	8.9962E-01	-3.6350E-01	-3.5696E-01
6.9447E-01	9.0062E-01	9.0091E-01	-3.5853E-01	-3.5212E-01
6.9645E-01	9.0191E-01	9.0218E-01	-3.5349E-01	-3.4720E-01
6.9844E-01	9.0319E-01	9.0345E-01	-3.4837E-01	-3.4221E-01
7.0042E-01	9.0446E-01	9.0471E-01	-3.4318E-01	-3.3714E-01
7.0240E-01	9.0572E-01	9.0596E-01	-3.3792E-01	-3.3200E-01
7.0439E-01	9.0697E-01	9.0721E-01	-3.3257E-01	-3.2678E-01
7.0637E-01	9.0822E-01	9.0844E-01	-3.2715E-01	-3.2148E-01
7.0836E-01	9.0946E-01	9.0967E-01	-3.2165E-01	-3.1610E-01
7.1034E-01	9.1069E-01	9.1089E-01	-3.1608E-01	-3.1064E-01
7.1232E-01	9.1191E-01	9.1211E-01	-3.1042E-01	-3.0510E-01
7.1431E-01	9.1312E-01	9.1331E-01	-3.0468E-01	-2.9948E-01
7.1629E-01	9.1433E-01	9.1451E-01	-2.9886E-01	-2.9378E-01
7.1828E-01	9.1553E-01	9.1570E-01	-2.9296E-01	-2.8799E-01
7.2026E-01	9.1672E-01	9.1689E-01	-2.8698E-01	-2.8212E-01
7.2224E-01	9.1790E-01	9.1806E-01	-2.8092E-01	-2.7617E-01
7.2423E-01	9.1907E-01	9.1923E-01	-2.7477E-01	-2.7013E-01
7.2621E-01	9.2024E-01	9.2039E-01	-2.6853E-01	-2.6400E-01
7.2820E-01	9.2140E-01	9.2154E-01	-2.6221E-01	-2.5779E-01
7.3018E-01	9.2254E-01	9.2268E-01	-2.5580E-01	-2.5149E-01
7.3216E-01	9.2369E-01	9.2382E-01	-2.4931E-01	-2.4510E-01
7.3415E-01	9.2482E-01	9.2494E-01	-2.4272E-01	-2.3862E-01
7.3613E-01	9.2594E-01	9.2606E-01	-2.3605E-01	-2.3205E-01
7.3812E-01	9.2706E-01	9.2717E-01	-2.2929E-01	-2.2539E-01
7.4010E-01	9.2817E-01	9.2828E-01	-2.2244E-01	-2.1864E-01
7.4208E-01	9.2927E-01	9.2937E-01	-2.1550E-01	-2.1180E-01
7.4407E-01	9.3036E-01	9.3046E-01	-2.0846E-01	-2.0486E-01
7.4605E-01	9.3144E-01	9.3154E-01	-2.0134E-01	-1.9783E-01
7.4804E-01	9.3252E-01	9.3261E-01	-1.9412E-01	-1.9071E-01
7.5002E-01	9.3359E-01	9.3367E-01	-1.8680E-01	-1.8349E-01
7.5200E-01	9.3465E-01	9.3473E-01	-1.7940E-01	-1.7617E-01
7.5399E-01	9.3570E-01	9.3577E-01	-1.7190E-01	-1.6876E-01
7.5597E-01	9.3674E-01	9.3681E-01	-1.6430E-01	-1.6125E-01
7.5796E-01	9.3777E-01	9.3784E-01	-1.5660E-01	-1.5365E-01
7.5994E-01	9.3880E-01	9.3886E-01	-1.4881E-01	-1.4594E-01
7.6192E-01	9.3981E-01	9.3988E-01	-1.4092E-01	-1.3814E-01
7.6391E-01	9.4082E-01	9.4088E-01	-1.3294E-01	-1.3024E-01
7.6589E-01	9.4182E-01	9.4188E-01	-1.2485E-01	-1.2223E-01
7.6788E-01	9.4281E-01	9.4287E-01	-1.1667E-01	-1.1413E-01
7.6986E-01	9.4380E-01	9.4385E-01	-1.0839E-01	-1.0593E-01
7.7184E-01	9.4477E-01	9.4482E-01	-1.0000E-01	-9.7623E-02
7.7383E-01	9.4574E-01	9.4579E-01	-9.1519E-02	-8.9216E-02
7.7581E-01	9.4670E-01	9.4674E-01	-8.2935E-02	-8.0708E-02
7.7780E-01	9.4765E-01	9.4769E-01	-7.4250E-02	-7.2097E-02
7.7978E-01	9.4859E-01	9.4863E-01	-6.5464E-02	-6.3384E-02
7.8176E-01	9.4952E-01	9.4956E-01	-5.6577E-02	-5.4567E-02
7.8375E-01	9.5045E-01	9.5048E-01	-4.7587E-02	-4.5648E-02
7.8573E-01	9.5136E-01	9.5139E-01	-3.8496E-02	-3.6625E-02
7.8772E-01	9.5227E-01	9.5230E-01	-2.9303E-02	-2.7498E-02
7.8970E-01	9.5317E-01	9.5320E-01	-2.0008E-02	-1.8268E-02
7.9168E-01	9.5406E-01	9.5409E-01	-1.0610E-02	-8.9350E-03
7.9367E-01	9.5494E-01	9.5497E-01	-1.1107E-03	5.0193E-04
7.9565E-01	9.5581E-01	9.5584E-01	8.4909E-03	1.0042E-02
7.9764E-01	9.5668E-01	9.5670E-01	1.8194E-02	1.9686E-02
7.9962E-01	9.5753E-01	9.5756E-01	2.7999E-02	2.9433E-02
8.0160E-01	9.5838E-01	9.5840E-01	3.7906E-02	3.9283E-02
8.0359E-01	9.5922E-01	9.5924E-01	4.7914E-02	4.9235E-02
8.0557E-01	9.6005E-01	9.6007E-01	5.8022E-02	5.9289E-02
8.0756E-01	9.6087E-01	9.6089E-01	6.8230E-02	6.9445E-02
8.0954E-01	9.6168E-01	9.6170E-01	7.8539E-02	7.9702E-02
8.1152E-01	9.6249E-01	9.6251E-01	8.8946E-02	9.0059E-02
8.1351E-01	9.6329E-01	9.6330E-01	9.9451E-02	1.0052E-01
8.1549E-01	9.6407E-01	9.6409E-01	1.1005E-01	1.1107E-01
8.1747E-01	9.6485E-01	9.6487E-01	1.2075E-01	1.2173E-01
8.1946E-01	9.6562E-01	9.6564E-01	1.3155E-01	1.3248E-01
8.2144E-01	9.6638E-01	9.6640E-01	1.4244E-01	1.4332E-01
8.2343E-01	9.6714E-01	9.6715E-01	1.5342E-01	1.5426E-01
8.2541E-01	9.6788E-01	9.6789E-01	1.6450E-01	1.6530E-01
8.2739E-01	9.6862E-01	9.6863E-01	1.7566E-01	1.7643E-01
8.2938E-01	9.6935E-01	9.6935E-01	1.8692E-01	1.8764E-01
8.3136E-01	9.7006E-01	9.7007E-01	1.9826E-01	1.9895E-01
8.3335E-01	9.7077E-01	9.7078E-01	2.0969E-01	2.1034E-01
8.3533E-01	9.7148E-01	9.7148E-01	2.2120E-01	2.2182E-01
8.3731E-01	9.7217E-01	9.7218E-01	2.3280E-01	2.3338E-01
8.3930E-01	9.7285E-01	9.7286E-01	2.4447E-01	2.4503E-01
8.4128E-01	9.7353E-01	9.7354E-01	2.5623E-01	2.5675E-01
8.4327E-01	9.7420E-01	9.7420E-01	2.6806E-01	2.6855E-01
8.4525E-01	9.7486E-01	9.7486E-01	2.7996E-01	2.8042E-01
8.4723E-01	9.7551E-01	9.7551E-01	2.9193E-01	2.9237E-01
8.4922E-01	9.7615E-01	9.7615E-01	3.0397E-01	3.0438E-01
8.5120E-01	9.7678E-01	9.7678E-01	3.1607E-01	3.1646E-01
8.5319E-01	9.7740E-01	9.7741E-01	3.2824E-01	3.2860E-01
8.5517E-01	9.7802E-01	9.7802E-01	3.4046E-01	3.4081E-01
8.5715E-01	9.7863E-01	9.7863E-01	3.5274E-01	3.5306E-01
8.5914E-01	9.7922E-01	9.7923E-01	3.6508E-01	3.6537E-01
8.6112E-01	9.7981E-01	9.7981E-01	3.7745E-01	3.7773E-01
8.6311E-01	9.8039E-01	9.8040E-01	3.8988E-01	3.9014E-01
8.6509E-01	9.8097E-01	9.8097E-01	4.0234E-01	4.0258E-01
8.6707E-01	9.8153E-01	9.8153E-01	4.1484E-01	4.1506E-01
8.6906E-01	9.8208E-01	9.8209E-01	4.2737E-01	4.2758E-01
8.7104E-01	9.8263E-01	9.8263E-01	4.3993E-01	4.4012E-01
8.7303E-01	9.8317E-01	9.8317E-01	4.5250E-01	4.5268E-01
8.7501E-01	9.8370E-01	9.8370E-01	4.6510E-01	4.6527E-01
8.7699E-01	9.8422E-01	9.8422E-01	4.7771E-01	4.7786E-01
8.7898E-01	9.8473E-01	9.8473E-01	4.9033E-01	4.9047E-01
8.8096E-01	9.8523E-01	9.8523E-01	5.0294E-01	5.0307E-01
8.8295E-01	9.8573E-01	9.8573E-01	5.1556E-01	5.1568E-01
8.8493E-01	9.8621E-01	9.8622E-01	5.2816E-01	5.2827E-01
8.8691E-01	9.8669E-01	9.8669E-01	5.4075E-01	5.4085E-01
8.8890E-01	9.8716E-01	9.8716E-01	5.5332E-01	5.5341E-01
8.9088E-01	9.8762E-01	9.8762E-01	5.6586E-01	5.6594E-01
8.9287E-01	9.8807E-01	9.8807E-01	5.7837E-01	5.7844E-01
8.9485E-01	9.8852E-01	9.8852E-01	5.9084E-01	5.9090E-01
8.9683E-01	9.8895E-01	9.8895E-01	6.0326E-01	6.0332E-01
8.9882E-01	9.8938E-01	9.8938E-01	6.1562E-01	6.1568E-01
9.0080E-01	9.8980E-01	9.8980E-01	6.2793E-01	6.2798E-01
9.0279E-01	9.9020E-01	9.9020E-01	6.4017E-01	6.4021E-01
9.0477E-01	9.9061E-01	9.9061E-01	6.5233E-01	6.5237E-01
9.0675E-01	9.9100E-01	9.9100E-01	6.6441E-01	6.6444E-01
9.0874E-01	9.9138E-01	9.9138E-01	6.7640E-01	6.7643E-01
9.1072E-01	9.9176E-01	9.9176E-01	6.8829E-01	6.8831E-01
9.1271E-01	9.9212E-01	9.9212E-01	7.0008E-01	7.0010E-01
9.1469E-01	9.9248E-01	9.9248E-01	7.1175E-01	7.1177E-01
9.1667E-01	9.9283E-01	9.9283E-01	7.2330E-01	7.2332E-01
9.1866E-01	9.9317E-01	9.9317E-01	7.3473E-01	7.3474E-01
9.2064E-01	9.9350E-01	9.9350E-01	7.4601E-01	7.4603E-01
9.2263E-01	9.9383E-01	9.9383E-01	7.5716E-01	7.5717E-01
9.2461E-01	9.9414E-01	9.9414E-01	7.6815E-01	7.6816E-01
9.2659E-01	9.9445E-01	9.9445E-01	7.7898E-01	7.7898E-01
9.2858E-01	9.9475E-01	9.9475E-01	7.8963E-01	7.8964E-01
9.3056E-01	9.9504E-01	9.9504E-01	8.0012E-01	8.0012E-01
9.3255E-01	9.9532E-01	9.9532E-01	8.1041E-01	8.1042E-01
9.3453E-01	9.9560E-01	9.9560E-01	8.2052E-01	8.2052E-01
9.3651E-01	9.9586E-01	9.9586E-01	8.3042E-01	8.3042E-01
9.3850E-01	9.9612E-01	9.9612E-01	8.4011E-01	8.4011E-01
9.4048E-01	9.9637E-01	9.9637E-01	8.4958E-01	8.4959E-01
9.4246E-01	9.9661E-01	9.9661E-01	8.5883E-01	8.5883E-01
9.4445E-01	9.9684E-01	9.9684E-01	8.6785E-01	8.6785E-01
9.4643E-01	9.9706E-01	9.9706E-01	8.7662E-01	8.7662E-01
9.4842E-01	9.9728E-01	9.9728E-01	8.8515E-01	8.8515E-01
9.5040E-01	9.9749E-01	9.9749E-01	8.9342E-01	8.9342E-01
9.5238E-01	9.9768E-01	9.9768E-01	9.0142E-01	9.0142E-01
9.5437E-01	9.9787E-01	9.9787E-01	9.0916E-01	9.0916E-01
9.5635E-01	9.9806E-01	9.9806E-01	9.1662E-01	9.1662E-01
9.5834E-01	9.9823E-01	9.9823E-01	9.2379E-01	9.2379E-01
9.6032E-01	9.9840E-01	9.9840E-01	9.3068E-01	9.3068E-01
9.6230E-01	9.9855E-01	9.9855E-01	9.3727E-01	9.3727E-01
9.6429E-01	9.9870E-01	9.9870E-01	9.4355E-01	9.4355E-01
9.6627E-01	9.9884E-01	9.9884E-01	9.4953E-01	9.4953E-01
9.6826E-01	9.9898E-01	9.9898E-01	9.5519E-01	9.5519E-01
9.7024E-01	9.9910E-01	9.9910E-01	9.6054E-01	9.6054E-01
9.7222E-01	9.9922E-01	9.9922E-01	9.6556E-01	9.6556E-01
9.7421E-01	9.9933E-01	9.9933E-01	9.7026E-01	9.7026E-01
9.7619E-01	9.9943E-01	9.9943E-01	9.7462E-01	9.7462E-01
9.7818E-01	9.9952E-01	9.9952E-01	9.7864E-01	9.7864E-01
9.8016E-01	9.9960E-01	9.9960E-01	9.8233E-01	9.8233E-01
9.8214E-01	9.9968E-01	9.9968E-01	9.8567E-01	9.8567E-01
9.8413E-01	9.9975E-01	9.9975E-01	9.8867E-01	9.8867E-01
9.8611E-01	9.9981E-01	9.9981E-01	9.9132E-01	9.9132E-01
9.8810E-01	9.9986E-01	9.9986E-01	9.9362E-01	9.9362E-01
9.9008E-01	9.9990E-01	9.9990E-01	9.9557E-01	9.9557E-01
9.9206E-01	9.9994E-01	9.9994E-01	9.9717E-01	9.9717E-01
9.9405E-01	9.9996E-01	9.9996E-01	9.9841E-01	9.9841E-01
9.9603E-01	9.9998E-01	9.9998E-01	9.9927E-01	9.9927E-01
9.9802E-01	1.0000E+00	1.0000E+00	9.9980E-01	9.9980E-01
