    .100000E-02    .936623E-02   -.138228E-01
    .100700E-02    .943593E-02   -.139096E-01
    .101400E-02    .950715E-02   -.139967E-01
    .102100E-02    .957732E-02   -.140841E-01
    .102800E-02    .964902E-02   -.141730E-01
    .103500E-02    .972095E-02   -.142610E-01
    .104200E-02    .979312E-02   -.143505E-01
    .105000E-02    .986554E-02   -.144404E-01
    .105700E-02    .993949E-02   -.145318E-01
    .106400E-02    .100137E-01   -.146223E-01
    .107200E-02    .100881E-01   -.147143E-01
    .107900E-02    .101628E-01   -.148067E-01
    .108600E-02    .102378E-01   -.148994E-01
    .109400E-02    .103143E-01   -.149937E-01
    .110200E-02    .103910E-01   -.150869E-01
    .110900E-02    .104681E-01   -.151818E-01
    .111700E-02    .105453E-01   -.152771E-01
    .112500E-02    .106242E-01   -.153726E-01
    .113200E-02    .107033E-01   -.154698E-01
    .114000E-02    .107826E-01   -.155659E-01
    .114800E-02    .108623E-01   -.156638E-01
    .115600E-02    .109422E-01   -.157619E-01
    .116400E-02    .110237E-01   -.158617E-01
    .117200E-02    .111054E-01   -.159605E-01
    .118000E-02    .111874E-01   -.160610E-01
    .118900E-02    .112697E-01   -.161618E-01
    .119700E-02    .113537E-01   -.162643E-01
    .120500E-02    .114379E-01   -.163657E-01
    .121300E-02    .115223E-01   -.164689E-01
    .122200E-02    .116071E-01   -.165724E-01
    .123000E-02    .116921E-01   -.166762E-01
    .123900E-02    .117788E-01   -.167804E-01
    .124700E-02    .118657E-01   -.168862E-01
    .125600E-02    .119529E-01   -.169925E-01
    .126500E-02    .120418E-01   -.170990E-01
    .127400E-02    .121310E-01   -.172059E-01
    .128200E-02    .122204E-01   -.173146E-01
    .129100E-02    .123102E-01   -.174236E-01
    .130000E-02    .124002E-01   -.175330E-01
    .130900E-02    .124920E-01   -.176427E-01
    .131800E-02    .125840E-01   -.177541E-01
    .132700E-02    .126763E-01   -.178660E-01
    .133700E-02    .127703E-01   -.179781E-01
    .134600E-02    .128632E-01   -.180907E-01
    .135500E-02    .129578E-01   -.182036E-01
    .136500E-02    .130541E-01   -.183183E-01
    .137400E-02    .131493E-01   -.184333E-01
    .138400E-02    .132463E-01   -.185502E-01
    .139300E-02    .133435E-01   -.186660E-01
    .140300E-02    .134411E-01   -.187836E-01
    .141300E-02    .135404E-01   -.189015E-01
    .142200E-02    .136385E-01   -.190199E-01
    .143200E-02    .137384E-01   -.191401E-01
    .144200E-02    .138401E-01   -.192606E-01
    .145200E-02    .139407E-01   -.193815E-01
    .146200E-02    .140430E-01   -.195028E-01
    .147200E-02    .141456E-01   -.196260E-01
    .148300E-02    .142500E-01   -.197481E-01
    .149300E-02    .143533E-01   -.198720E-01
    .150300E-02    .144583E-01   -.199978E-01
    .151400E-02    .145637E-01   -.201225E-01
    .152400E-02    .146709E-01   -.202491E-01
    .153500E-02    .147784E-01   -.203776E-01
    .154500E-02    .148862E-01   -.205049E-01
    .155600E-02    .149944E-01   -.206342E-01
    .156700E-02    .151044E-01   -.207639E-01
    .157800E-02    .152132E-01   -.208940E-01
    .158900E-02    .153254E-01   -.210244E-01
    .160000E-02    .154364E-01   -.211568E-01
    .161100E-02    .155492E-01   -.212896E-01
    .162200E-02    .156624E-01   -.214243E-01
    .163300E-02    .157759E-01   -.215580E-01
    .164400E-02    .158913E-01   -.216935E-01
    .165600E-02    .160070E-01   -.218295E-01
    .166700E-02    .161231E-01   -.219673E-01
    .167900E-02    .162395E-01   -.221042E-01
    .169000E-02    .163578E-01   -.222430E-01
    .170200E-02    .164765E-01   -.223837E-01
    .171400E-02    .165970E-01   -.225233E-01
    .172600E-02    .167164E-01   -.226649E-01
    .173800E-02    .168377E-01   -.228069E-01
    .175000E-02    .169593E-01   -.229508E-01
    .176200E-02    .170828E-01   -.230952E-01
    .177400E-02    .172067E-01   -.232402E-01
    .178600E-02    .173309E-01   -.233855E-01
    .179900E-02    .174571E-01   -.235328E-01
    .181100E-02    .175837E-01   -.236805E-01
    .182400E-02    .177106E-01   -.238287E-01
    .183700E-02    .178379E-01   -.239774E-01
    .184900E-02    .179671E-01   -.241281E-01
    .186200E-02    .180967E-01   -.242792E-01
    .187500E-02    .182283E-01   -.244323E-01
    .188800E-02    .183587E-01   -.245844E-01
    .190100E-02    .184910E-01   -.247385E-01
    .191400E-02    .186253E-01   -.248946E-01
    .192800E-02    .187600E-01   -.250496E-01
    .194100E-02    .188951E-01   -.252067E-01
    .195400E-02    .190305E-01   -.253658E-01
    .196800E-02    .191680E-01   -.255238E-01
    .198200E-02    .193058E-01   -.256839E-01
    .199500E-02    .194441E-01   -.258444E-01
    .200900E-02    .195843E-01   -.260071E-01
    .202300E-02    .197249E-01   -.261702E-01
    .203700E-02    .198660E-01   -.263337E-01
    .205100E-02    .200091E-01   -.264978E-01
    .206500E-02    .201525E-01   -.266641E-01
    .208000E-02    .202980E-01   -.268307E-01
    .209400E-02    .204423E-01   -.269995E-01
    .210900E-02    .205886E-01   -.271672E-01
    .212300E-02    .207369E-01   -.273386E-01
    .213800E-02    .208857E-01   -.275089E-01
    .215300E-02    .210349E-01   -.276813E-01
    .216800E-02    .211845E-01   -.278542E-01
    .218300E-02    .213362E-01   -.280277E-01
    .219800E-02    .214899E-01   -.282033E-01
    .221300E-02    .216424E-01   -.283793E-01
    .222800E-02    .217970E-01   -.285576E-01
    .224400E-02    .219520E-01   -.287347E-01
    .225900E-02    .221091E-01   -.289140E-01
    .227500E-02    .222666E-01   -.290954E-01
    .229100E-02    .224262E-01   -.292774E-01
    .230700E-02    .225862E-01   -.294599E-01
    .232300E-02    .227467E-01   -.296430E-01
    .233900E-02    .229077E-01   -.298282E-01
    .235500E-02    .230707E-01   -.300140E-01
    .237100E-02    .232359E-01   -.302019E-01
    .238800E-02    .233998E-01   -.303904E-01
    .240400E-02    .235659E-01   -.305795E-01
    .242100E-02    .237340E-01   -.307707E-01
    .243800E-02    .239026E-01   -.309609E-01
    .245500E-02    .240717E-01   -.311549E-01
    .247200E-02    .242413E-01   -.313478E-01
    .248900E-02    .244130E-01   -.315429E-01
    .250600E-02    .245868E-01   -.317403E-01
    .252300E-02    .247611E-01   -.319382E-01
    .254100E-02    .249359E-01   -.321367E-01
    .255900E-02    .251127E-01   -.323358E-01
    .257600E-02    .252902E-01   -.325371E-01
    .259400E-02    .254680E-01   -.327390E-01
    .261200E-02    .256480E-01   -.329431E-01
    .263000E-02    .258286E-01   -.331479E-01
    .264900E-02    .260112E-01   -.333532E-01
    .266700E-02    .261944E-01   -.335607E-01
    .268500E-02    .263781E-01   -.337689E-01
    .270400E-02    .265639E-01   -.339776E-01
    .272300E-02    .267503E-01   -.341887E-01
    .274200E-02    .269388E-01   -.344003E-01
    .276100E-02    .271279E-01   -.346142E-01
    .278000E-02    .273191E-01   -.348287E-01
    .279900E-02    .275108E-01   -.350439E-01
    .281800E-02    .277030E-01   -.352613E-01
    .283800E-02    .278975E-01   -.354793E-01
    .285800E-02    .280924E-01   -.356997E-01
    .287700E-02    .282896E-01   -.359206E-01
    .289700E-02    .284873E-01   -.361422E-01
    .291700E-02    .286872E-01   -.363661E-01
    .293800E-02    .288876E-01   -.365907E-01
    .295800E-02    .290885E-01   -.368175E-01
    .297900E-02    .292917E-01   -.370450E-01
    .299900E-02    .294971E-01   -.372731E-01
    .302000E-02    .297014E-01   -.375036E-01
    .304100E-02    .299096E-01   -.377347E-01
    .306200E-02    .301166E-01   -.379681E-01
    .308300E-02    .303275E-01   -.382021E-01
    .310500E-02    .305373E-01   -.384369E-01
    .312600E-02    .307494E-01   -.386740E-01
    .314800E-02    .309637E-01   -.389117E-01
    .317000E-02    .311786E-01   -.391518E-01
    .319200E-02    .313940E-01   -.393926E-01
    .321400E-02    .316116E-01   -.396340E-01
    .323600E-02    .318316E-01   -.398778E-01
    .325800E-02    .320521E-01   -.401222E-01
    .328100E-02    .322731E-01   -.403691E-01
    .330400E-02    .324964E-01   -.406166E-01
    .332700E-02    .327203E-01   -.408665E-01
    .335000E-02    .329465E-01   -.411171E-01
    .337300E-02    .331732E-01   -.413701E-01
    .339600E-02    .334023E-01   -.416219E-01
    .342000E-02    .336336E-01   -.418781E-01
    .344300E-02    .338638E-01   -.421349E-01
    .346700E-02    .340980E-01   -.423923E-01
    .349100E-02    .343310E-01   -.426522E-01
    .351600E-02    .345682E-01   -.429127E-01
    .354000E-02    .348059E-01   -.431739E-01
    .356500E-02    .350441E-01   -.434376E-01
    .358900E-02    .352847E-01   -.437037E-01
    .361400E-02    .355258E-01   -.439705E-01
    .363900E-02    .357693E-01   -.442380E-01
    .366400E-02    .360133E-01   -.445079E-01
    .369000E-02    .362597E-01   -.447786E-01
    .371500E-02    .365066E-01   -.450517E-01
    .374100E-02    .367559E-01   -.453255E-01
    .376700E-02    .370076E-01   -.456018E-01
    .379300E-02    .372599E-01   -.458788E-01
    .381900E-02    .375127E-01   -.461564E-01
    .384600E-02    .377678E-01   -.464384E-01
    .387300E-02    .380254E-01   -.467192E-01
    .389900E-02    .382835E-01   -.470026E-01
    .392600E-02    .385441E-01   -.472885E-01
    .395400E-02    .388051E-01   -.475750E-01
    .398100E-02    .390686E-01   -.478623E-01
    .400900E-02    .393326E-01   -.481521E-01
    .403600E-02    .395990E-01   -.484425E-01
    .406400E-02    .398659E-01   -.487355E-01
    .409300E-02    .401353E-01   -.490311E-01
    .412100E-02    .404072E-01   -.493254E-01
    .415000E-02    .406795E-01   -.496242E-01
    .417800E-02    .409524E-01   -.499237E-01
    .420700E-02    .412277E-01   -.502239E-01
    .423600E-02    .415054E-01   -.505267E-01
    .426600E-02    .417856E-01   -.508300E-01
    .429500E-02    .420663E-01   -.511360E-01
    .432500E-02    .423476E-01   -.514427E-01
    .435500E-02    .426313E-01   -.517520E-01
    .438500E-02    .429174E-01   -.520619E-01
    .441600E-02    .432041E-01   -.523744E-01
    .444600E-02    .434932E-01   -.526895E-01
    .447700E-02    .437828E-01   -.530034E-01
    .450800E-02    .440749E-01   -.533219E-01
    .453900E-02    .443695E-01   -.536408E-01
    .457100E-02    .446646E-01   -.539607E-01
    .460300E-02    .449622E-01   -.542830E-01
    .463400E-02    .452621E-01   -.546061E-01
    .466700E-02    .455627E-01   -.549318E-01
    .469900E-02    .458637E-01   -.552601E-01
    .473200E-02    .461691E-01   -.555890E-01
    .476400E-02    .464751E-01   -.559206E-01
    .479700E-02    .467816E-01   -.562528E-01
    .483100E-02    .470905E-01   -.565858E-01
    .486400E-02    .474020E-01   -.569213E-01
    .489800E-02    .477158E-01   -.572595E-01
    .493200E-02    .480302E-01   -.575984E-01
    .496600E-02    .483451E-01   -.579399E-01
    .500000E-02    .486645E-01   -.582820E-01
    .503500E-02    .489843E-01   -.586268E-01
    .507000E-02    .493046E-01   -.589744E-01
    .510500E-02    .496293E-01   -.593225E-01
    .514000E-02    .499547E-01   -.596712E-01
    .517600E-02    .502805E-01   -.600226E-01
    .521200E-02    .506106E-01   -.603768E-01
    .524800E-02    .509413E-01   -.607315E-01
    .528400E-02    .512726E-01   -.610888E-01
    .532100E-02    .516062E-01   -.614469E-01
    .535800E-02    .519423E-01   -.618075E-01
    .539500E-02    .522810E-01   -.621709E-01
    .543300E-02    .526201E-01   -.625350E-01
    .547000E-02    .529617E-01   -.628996E-01
    .550800E-02    .533056E-01   -.632670E-01
    .554600E-02    .536502E-01   -.636369E-01
    .558500E-02    .539971E-01   -.640076E-01
    .562300E-02    .543465E-01   -.643808E-01
    .566200E-02    .546983E-01   -.647567E-01
    .570200E-02    .550507E-01   -.651334E-01
    .574100E-02    .554055E-01   -.655126E-01
    .578100E-02    .557608E-01   -.658925E-01
    .582100E-02    .561204E-01   -.662750E-01
    .586100E-02    .564806E-01   -.666582E-01
    .590200E-02    .568413E-01   -.670439E-01
    .594300E-02    .572064E-01   -.674324E-01
    .598400E-02    .575718E-01   -.678216E-01
    .602600E-02    .579397E-01   -.682132E-01
    .606700E-02    .583082E-01   -.686057E-01
    .610900E-02    .586809E-01   -.690007E-01
    .615200E-02    .590542E-01   -.693984E-01
    .619400E-02    .594298E-01   -.697966E-01
    .623700E-02    .598060E-01   -.701976E-01
    .628100E-02    .601865E-01   -.706013E-01
    .632400E-02    .605674E-01   -.710054E-01
    .636800E-02    .609509E-01   -.714123E-01
    .641200E-02    .613366E-01   -.718197E-01
    .645700E-02    .617228E-01   -.722299E-01
    .650100E-02    .621114E-01   -.726427E-01
    .654600E-02    .625023E-01   -.730560E-01
    .659200E-02    .628957E-01   -.734718E-01
    .663700E-02    .632896E-01   -.738884E-01
    .668300E-02    .636877E-01   -.743096E-01
    .673000E-02    .640862E-01   -.747294E-01
    .677600E-02    .644872E-01   -.751539E-01
    .682300E-02    .648885E-01   -.755789E-01
    .687100E-02    .652942E-01   -.760065E-01
    .691800E-02    .657003E-01   -.764347E-01
    .696600E-02    .661087E-01   -.768655E-01
    .701500E-02    .665194E-01   -.772989E-01
    .706300E-02    .669326E-01   -.777329E-01
    .711200E-02    .673481E-01   -.781695E-01
    .716100E-02    .677640E-01   -.786086E-01
    .721100E-02    .681821E-01   -.790483E-01
    .726100E-02    .686025E-01   -.794906E-01
    .731100E-02    .690254E-01   -.799355E-01
    .736200E-02    .694506E-01   -.803809E-01
    .741300E-02    .698759E-01   -.808290E-01
    .746400E-02    .703057E-01   -.812796E-01
    .751600E-02    .707357E-01   -.817307E-01
    .756800E-02    .711680E-01   -.821843E-01
    .762100E-02    .716027E-01   -.826407E-01
    .767400E-02    .720396E-01   -.830972E-01
    .772700E-02    .724788E-01   -.835587E-01
    .778000E-02    .729183E-01   -.840184E-01
    .783400E-02    .733620E-01   -.844829E-01
    .788900E-02    .738058E-01   -.849476E-01
    .794300E-02    .742521E-01   -.854151E-01
    .799800E-02    .747027E-01   -.858829E-01
    .805400E-02    .751532E-01   -.863556E-01
    .811000E-02    .756063E-01   -.868284E-01
    .816600E-02    .760593E-01   -.873017E-01
    .822200E-02    .765166E-01   -.877798E-01
    .827900E-02    .769761E-01   -.882581E-01
    .833700E-02    .774358E-01   -.887390E-01
    .839500E-02    .778997E-01   -.892201E-01
    .845300E-02    .783638E-01   -.897039E-01
    .851100E-02    .788322E-01   -.901902E-01
    .857000E-02    .793005E-01   -.906788E-01
    .863000E-02    .797709E-01   -.911703E-01
    .869000E-02    .802437E-01   -.916618E-01
    .875000E-02    .807184E-01   -.921558E-01
    .881000E-02    .811954E-01   -.926502E-01
    .887200E-02    .816764E-01   -.931468E-01
    .893300E-02    .821556E-01   -.936484E-01
    .899500E-02    .826387E-01   -.941479E-01
    .905700E-02    .831241E-01   -.946520E-01
    .912000E-02    .836113E-01   -.951564E-01
    .918300E-02    .841009E-01   -.956632E-01
    .924700E-02    .845925E-01   -.961725E-01
    .931100E-02    .850860E-01   -.966841E-01
    .937600E-02    .855814E-01   -.971961E-01
    .944100E-02    .860790E-01   -.977104E-01
    .950600E-02    .865765E-01   -.982269E-01
    .957200E-02    .870781E-01   -.987437E-01
    .963800E-02    .875815E-01   -.992652E-01
    .970500E-02    .880871E-01   -.997867E-01
    .977200E-02    .885945E-01   -.100311E+00
    .984000E-02    .891040E-01   -.100835E+00
    .990800E-02    .896154E-01   -.101363E+00
    .997700E-02    .901286E-01   -.101892E+00
    .100460E-01    .906438E-01   -.102423E+00
    .101160E-01    .911608E-01   -.102957E+00
    .101860E-01    .916797E-01   -.103490E+00
    .102570E-01    .922027E-01   -.104028E+00
    .103280E-01    .927253E-01   -.104566E+00
    .103990E-01    .932499E-01   -.105106E+00
    .104710E-01    .937782E-01   -.105646E+00
    .105440E-01    .943062E-01   -.106191E+00
    .106170E-01    .948384E-01   -.106736E+00
    .106910E-01    .953721E-01   -.107283E+00
    .107650E-01    .959077E-01   -.107832E+00
    .108390E-01    .964428E-01   -.108384E+00
    .109140E-01    .969820E-01   -.108935E+00
    .109900E-01    .975248E-01   -.109491E+00
    .110660E-01    .980673E-01   -.110047E+00
    .111430E-01    .986114E-01   -.110604E+00
    .112200E-01    .991593E-01   -.111162E+00
    .112980E-01    .997068E-01   -.111724E+00
    .113760E-01    .100258E+00   -.112286E+00
    .114550E-01    .100811E+00   -.112853E+00
    .115350E-01    .101365E+00   -.113419E+00
    .116140E-01    .101921E+00   -.113985E+00
    .116950E-01    .102481E+00   -.114556E+00
    .117760E-01    .103040E+00   -.115128E+00
    .118580E-01    .103603E+00   -.115701E+00
    .119400E-01    .104167E+00   -.116275E+00
    .120230E-01    .104733E+00   -.116851E+00
    .121060E-01    .105300E+00   -.117430E+00
    .121900E-01    .105871E+00   -.118010E+00
    .122740E-01    .106442E+00   -.118590E+00
    .123590E-01    .107015E+00   -.119174E+00
    .124450E-01    .107591E+00   -.119759E+00
    .125310E-01    .108169E+00   -.120345E+00
    .126180E-01    .108747E+00   -.120932E+00
    .127060E-01    .109329E+00   -.121522E+00
    .127940E-01    .109911E+00   -.122114E+00
    .128820E-01    .110496E+00   -.122705E+00
    .129720E-01    .111083E+00   -.123301E+00
    .130620E-01    .111672E+00   -.123896E+00
    .131520E-01    .112262E+00   -.124493E+00
    .132430E-01    .112853E+00   -.125092E+00
    .133350E-01    .113448E+00   -.125692E+00
    .134280E-01    .114044E+00   -.126295E+00
    .135210E-01    .114640E+00   -.126897E+00
    .136140E-01    .115239E+00   -.127502E+00
    .137090E-01    .115840E+00   -.128108E+00
    .138040E-01    .116443E+00   -.128717E+00
    .139000E-01    .117046E+00   -.129326E+00
    .139960E-01    .117653E+00   -.129937E+00
    .140930E-01    .118261E+00   -.130549E+00
    .141910E-01    .118872E+00   -.131161E+00
    .142890E-01    .119481E+00   -.131777E+00
    .143880E-01    .120094E+00   -.132394E+00
    .144880E-01    .120710E+00   -.133011E+00
    .145880E-01    .121327E+00   -.133631E+00
    .146890E-01    .121945E+00   -.134251E+00
    .147910E-01    .122564E+00   -.134873E+00
    .148940E-01    .123186E+00   -.135496E+00
    .149970E-01    .123808E+00   -.136120E+00
    .151010E-01    .124434E+00   -.136746E+00
    .152050E-01    .125060E+00   -.137374E+00
    .153110E-01    .125689E+00   -.138003E+00
    .154170E-01    .126319E+00   -.138634E+00
    .155240E-01    .126950E+00   -.139264E+00
    .156310E-01    .127583E+00   -.139897E+00
    .157400E-01    .128218E+00   -.140530E+00
    .158490E-01    .128853E+00   -.141164E+00
    .159590E-01    .129492E+00   -.141802E+00
    .160690E-01    .130131E+00   -.142439E+00
    .161810E-01    .130771E+00   -.143077E+00
    .162930E-01    .131415E+00   -.143717E+00
    .164060E-01    .132059E+00   -.144358E+00
    .165200E-01    .132704E+00   -.145000E+00
    .166340E-01    .133351E+00   -.145643E+00
    .167490E-01    .134001E+00   -.146286E+00
    .168660E-01    .134651E+00   -.146932E+00
    .169820E-01    .135301E+00   -.147580E+00
    .171000E-01    .135955E+00   -.148226E+00
    .172190E-01    .136610E+00   -.148876E+00
    .173380E-01    .137266E+00   -.149524E+00
    .174580E-01    .137922E+00   -.150176E+00
    .175790E-01    .138583E+00   -.150828E+00
    .177010E-01    .139242E+00   -.151480E+00
    .178240E-01    .139905E+00   -.152133E+00
    .179470E-01    .140568E+00   -.152790E+00
    .180720E-01    .141232E+00   -.153445E+00
    .181970E-01    .141900E+00   -.154102E+00
    .183230E-01    .142566E+00   -.154759E+00
    .184500E-01    .143236E+00   -.155418E+00
    .185780E-01    .143906E+00   -.156078E+00
    .187070E-01    .144576E+00   -.156738E+00
    .188360E-01    .145251E+00   -.157400E+00
    .189670E-01    .145926E+00   -.158061E+00
    .190990E-01    .146600E+00   -.158724E+00
    .192310E-01    .147277E+00   -.159389E+00
    .193640E-01    .147955E+00   -.160052E+00
    .194980E-01    .148636E+00   -.160718E+00
    .196340E-01    .149316E+00   -.161385E+00
    .197700E-01    .149998E+00   -.162051E+00
    .199070E-01    .150682E+00   -.162720E+00
    .200450E-01    .151366E+00   -.163387E+00
    .201840E-01    .152054E+00   -.164057E+00
    .203240E-01    .152741E+00   -.164726E+00
    .204640E-01    .153428E+00   -.165398E+00
    .206060E-01    .154119E+00   -.166069E+00
    .207490E-01    .154810E+00   -.166740E+00
    .208930E-01    .155502E+00   -.167414E+00
    .210380E-01    .156196E+00   -.168086E+00
    .211840E-01    .156889E+00   -.168759E+00
    .213300E-01    .157586E+00   -.169433E+00
    .214780E-01    .158283E+00   -.170110E+00
    .216270E-01    .158981E+00   -.170785E+00
    .217770E-01    .159681E+00   -.171461E+00
    .219280E-01    .160379E+00   -.172137E+00
    .220800E-01    .161082E+00   -.172814E+00
    .222330E-01    .161783E+00   -.173491E+00
    .223870E-01    .162487E+00   -.174169E+00
    .225420E-01    .163193E+00   -.174848E+00
    .226990E-01    .163899E+00   -.175527E+00
    .228560E-01    .164606E+00   -.176206E+00
    .230140E-01    .165312E+00   -.176886E+00
    .231740E-01    .166022E+00   -.177566E+00
    .233350E-01    .166732E+00   -.178247E+00
    .234960E-01    .167444E+00   -.178925E+00
    .236590E-01    .168155E+00   -.179607E+00
    .238230E-01    .168869E+00   -.180289E+00
    .239880E-01    .169584E+00   -.180971E+00
    .241550E-01    .170298E+00   -.181651E+00
    .243220E-01    .171016E+00   -.182334E+00
    .244910E-01    .171732E+00   -.183017E+00
    .246600E-01    .172451E+00   -.183699E+00
    .248310E-01    .173169E+00   -.184382E+00
    .250030E-01    .173890E+00   -.185066E+00
    .251770E-01    .174611E+00   -.185748E+00
    .253510E-01    .175334E+00   -.186432E+00
    .255270E-01    .176057E+00   -.187115E+00
    .257040E-01    .176781E+00   -.187797E+00
    .258820E-01    .177506E+00   -.188482E+00
    .260620E-01    .178231E+00   -.189165E+00
    .262420E-01    .178957E+00   -.189848E+00
    .264240E-01    .179686E+00   -.190533E+00
    .266070E-01    .180413E+00   -.191216E+00
    .267920E-01    .181144E+00   -.191899E+00
    .269770E-01    .181874E+00   -.192582E+00
    .271640E-01    .182605E+00   -.193266E+00
    .273530E-01    .183336E+00   -.193949E+00
    .275420E-01    .184070E+00   -.194633E+00
    .277330E-01    .184805E+00   -.195316E+00
    .279250E-01    .185540E+00   -.195999E+00
    .281190E-01    .186274E+00   -.196683E+00
    .283140E-01    .187010E+00   -.197364E+00
    .285100E-01    .187747E+00   -.198047E+00
    .287080E-01    .188485E+00   -.198730E+00
    .289070E-01    .189223E+00   -.199411E+00
    .291070E-01    .189963E+00   -.200094E+00
    .293090E-01    .190704E+00   -.200775E+00
    .295120E-01    .191447E+00   -.201457E+00
    .297170E-01    .192187E+00   -.202138E+00
    .299230E-01    .192930E+00   -.202818E+00
    .301300E-01    .193675E+00   -.203498E+00
    .303390E-01    .194420E+00   -.204178E+00
    .305490E-01    .195164E+00   -.204858E+00
    .307610E-01    .195909E+00   -.205537E+00
    .309740E-01    .196657E+00   -.206217E+00
    .311890E-01    .197404E+00   -.206893E+00
    .314050E-01    .198152E+00   -.207572E+00
    .316230E-01    .198902E+00   -.208248E+00
    .318420E-01    .199652E+00   -.208927E+00
    .320630E-01    .200402E+00   -.209603E+00
    .322850E-01    .201153E+00   -.210278E+00
    .325090E-01    .201906E+00   -.210953E+00
    .327340E-01    .202658E+00   -.211628E+00
    .329610E-01    .203412E+00   -.212302E+00
    .331890E-01    .204166E+00   -.212977E+00
    .334200E-01    .204922E+00   -.213648E+00
    .336510E-01    .205676E+00   -.214320E+00
    .338840E-01    .206433E+00   -.214993E+00
    .341190E-01    .207190E+00   -.215663E+00
    .343560E-01    .207949E+00   -.216333E+00
    .345940E-01    .208708E+00   -.217000E+00
    .348340E-01    .209466E+00   -.217670E+00
    .350750E-01    .210227E+00   -.218339E+00
    .353180E-01    .210987E+00   -.219005E+00
    .355630E-01    .211749E+00   -.219670E+00
    .358100E-01    .212512E+00   -.220336E+00
    .360580E-01    .213274E+00   -.221001E+00
    .363080E-01    .214039E+00   -.221663E+00
    .365590E-01    .214803E+00   -.222327E+00
    .368130E-01    .215568E+00   -.222988E+00
    .370680E-01    .216333E+00   -.223649E+00
    .373250E-01    .217100E+00   -.224307E+00
    .375840E-01    .217868E+00   -.224967E+00
    .378440E-01    .218636E+00   -.225624E+00
    .381070E-01    .219403E+00   -.226280E+00
    .383710E-01    .220174E+00   -.226937E+00
    .386370E-01    .220944E+00   -.227590E+00
    .389050E-01    .221715E+00   -.228245E+00
    .391740E-01    .222486E+00   -.228897E+00
    .394460E-01    .223258E+00   -.229549E+00
    .397190E-01    .224030E+00   -.230198E+00
    .399940E-01    .224803E+00   -.230846E+00
    .402720E-01    .225579E+00   -.231494E+00
    .405510E-01    .226354E+00   -.232142E+00
    .408320E-01    .227129E+00   -.232786E+00
    .411150E-01    .227906E+00   -.233430E+00
    .414000E-01    .228683E+00   -.234074E+00
    .416870E-01    .229460E+00   -.234715E+00
    .419760E-01    .230238E+00   -.235355E+00
    .422670E-01    .231017E+00   -.235993E+00
    .425600E-01    .231798E+00   -.236632E+00
    .428550E-01    .232577E+00   -.237268E+00
    .431520E-01    .233359E+00   -.237902E+00
    .434510E-01    .234141E+00   -.238536E+00
    .437520E-01    .234925E+00   -.239168E+00
    .440550E-01    .235706E+00   -.239798E+00
    .443610E-01    .236490E+00   -.240428E+00
    .446680E-01    .237276E+00   -.241057E+00
    .449780E-01    .238062E+00   -.241683E+00
    .452900E-01    .238847E+00   -.242307E+00
    .456040E-01    .239633E+00   -.242930E+00
    .459200E-01    .240421E+00   -.243552E+00
    .462380E-01    .241210E+00   -.244172E+00
    .465590E-01    .241997E+00   -.244792E+00
    .468810E-01    .242787E+00   -.245408E+00
    .472060E-01    .243577E+00   -.246025E+00
    .475340E-01    .244368E+00   -.246639E+00
    .478630E-01    .245159E+00   -.247249E+00
    .481950E-01    .245951E+00   -.247860E+00
    .485290E-01    .246744E+00   -.248470E+00
    .488650E-01    .247538E+00   -.249078E+00
    .492040E-01    .248331E+00   -.249682E+00
    .495450E-01    .249126E+00   -.250287E+00
    .498880E-01    .249922E+00   -.250889E+00
    .502340E-01    .250717E+00   -.251489E+00
    .505820E-01    .251513E+00   -.252088E+00
    .509330E-01    .252310E+00   -.252684E+00
    .512860E-01    .253109E+00   -.253278E+00
    .516420E-01    .253906E+00   -.253872E+00
    .520000E-01    .254706E+00   -.254463E+00
    .523600E-01    .255506E+00   -.255054E+00
    .527230E-01    .256307E+00   -.255640E+00
    .530880E-01    .257108E+00   -.256226E+00
    .534560E-01    .257910E+00   -.256810E+00
    .538270E-01    .258711E+00   -.257393E+00
    .542000E-01    .259514E+00   -.257972E+00
    .545760E-01    .260319E+00   -.258550E+00
    .549540E-01    .261122E+00   -.259127E+00
    .553350E-01    .261927E+00   -.259700E+00
    .557190E-01    .262731E+00   -.260272E+00
    .561050E-01    .263538E+00   -.260841E+00
    .564940E-01    .264344E+00   -.261411E+00
    .568850E-01    .265152E+00   -.261975E+00
    .572800E-01    .265959E+00   -.262540E+00
    .576770E-01    .266768E+00   -.263100E+00
    .580760E-01    .267578E+00   -.263661E+00
    .584790E-01    .268386E+00   -.264216E+00
    .588840E-01    .269197E+00   -.264772E+00
    .592930E-01    .270008E+00   -.265326E+00
    .597040E-01    .270818E+00   -.265875E+00
    .601170E-01    .271631E+00   -.266424E+00
    .605340E-01    .272443E+00   -.266970E+00
    .609540E-01    .273256E+00   -.267513E+00
    .613760E-01    .274071E+00   -.268054E+00
    .618020E-01    .274883E+00   -.268593E+00
    .622300E-01    .275699E+00   -.269130E+00
    .626610E-01    .276515E+00   -.269663E+00
    .630960E-01    .277331E+00   -.270196E+00
    .635330E-01    .278147E+00   -.270724E+00
    .639730E-01    .278963E+00   -.271251E+00
    .644170E-01    .279782E+00   -.271774E+00
    .648630E-01    .280600E+00   -.272295E+00
    .653130E-01    .281420E+00   -.272814E+00
    .657660E-01    .282239E+00   -.273331E+00
    .662220E-01    .283060E+00   -.273844E+00
    .666810E-01    .283882E+00   -.274354E+00
    .671430E-01    .284703E+00   -.274861E+00
    .676080E-01    .285524E+00   -.275366E+00
    .680770E-01    .286348E+00   -.275868E+00
    .685490E-01    .287171E+00   -.276368E+00
    .690240E-01    .287995E+00   -.276864E+00
    .695020E-01    .288819E+00   -.277356E+00
    .699840E-01    .289644E+00   -.277846E+00
    .704690E-01    .290470E+00   -.278335E+00
    .709580E-01    .291296E+00   -.278818E+00
    .714500E-01    .292124E+00   -.279299E+00
    .719450E-01    .292951E+00   -.279777E+00
    .724440E-01    .293779E+00   -.280253E+00
    .729460E-01    .294610E+00   -.280723E+00
    .734510E-01    .295439E+00   -.281191E+00
    .739610E-01    .296268E+00   -.281657E+00
    .744730E-01    .297099E+00   -.282118E+00
    .749890E-01    .297932E+00   -.282576E+00
    .755090E-01    .298763E+00   -.283030E+00
    .760330E-01    .299596E+00   -.283483E+00
    .765600E-01    .300429E+00   -.283930E+00
    .770900E-01    .301264E+00   -.284374E+00
    .776250E-01    .302098E+00   -.284815E+00
    .781630E-01    .302935E+00   -.285252E+00
    .787050E-01    .303770E+00   -.285685E+00
    .792500E-01    .304607E+00   -.286114E+00
    .797990E-01    .305443E+00   -.286541E+00
    .803530E-01    .306282E+00   -.286962E+00
    .809100E-01    .307121E+00   -.287381E+00
    .814700E-01    .307959E+00   -.287794E+00
    .820350E-01    .308799E+00   -.288207E+00
    .826040E-01    .309639E+00   -.288613E+00
    .831760E-01    .310479E+00   -.289017E+00
    .837530E-01    .311320E+00   -.289415E+00
    .843330E-01    .312162E+00   -.289811E+00
    .849180E-01    .313004E+00   -.290201E+00
    .855070E-01    .313846E+00   -.290588E+00
    .860990E-01    .314689E+00   -.290972E+00
    .866960E-01    .315532E+00   -.291350E+00
    .872970E-01    .316376E+00   -.291726E+00
    .879020E-01    .317219E+00   -.292098E+00
    .885120E-01    .318064E+00   -.292464E+00
    .891250E-01    .318908E+00   -.292826E+00
    .897430E-01    .319753E+00   -.293186E+00
    .903650E-01    .320598E+00   -.293539E+00
    .909910E-01    .321443E+00   -.293891E+00
    .916220E-01    .322289E+00   -.294238E+00
    .922570E-01    .323136E+00   -.294579E+00
    .928970E-01    .323981E+00   -.294915E+00
    .935410E-01    .324826E+00   -.295249E+00
    .941890E-01    .325673E+00   -.295579E+00
    .948420E-01    .326519E+00   -.295904E+00
    .954990E-01    .327366E+00   -.296225E+00
    .961610E-01    .328211E+00   -.296541E+00
    .968280E-01    .329058E+00   -.296855E+00
    .974990E-01    .329904E+00   -.297163E+00
    .981750E-01    .330750E+00   -.297467E+00
    .988550E-01    .331597E+00   -.297767E+00
    .995410E-01    .332443E+00   -.298061E+00
    .100231E+00    .333289E+00   -.298352E+00
    .100925E+00    .334136E+00   -.298639E+00
    .101625E+00    .334981E+00   -.298922E+00
    .102329E+00    .335827E+00   -.299198E+00
    .103039E+00    .336673E+00   -.299472E+00
    .103753E+00    .337519E+00   -.299739E+00
    .104472E+00    .338363E+00   -.300003E+00
    .105196E+00    .339210E+00   -.300263E+00
    .105925E+00    .340054E+00   -.300516E+00
    .106660E+00    .340900E+00   -.300765E+00
    .107399E+00    .341746E+00   -.301009E+00
    .108143E+00    .342590E+00   -.301249E+00
    .108893E+00    .343434E+00   -.301485E+00
    .109648E+00    .344278E+00   -.301715E+00
    .110408E+00    .345124E+00   -.301938E+00
    .111173E+00    .345967E+00   -.302158E+00
    .111944E+00    .346813E+00   -.302371E+00
    .112720E+00    .347657E+00   -.302582E+00
    .113501E+00    .348500E+00   -.302786E+00
    .114288E+00    .349345E+00   -.302984E+00
    .115080E+00    .350189E+00   -.303176E+00
    .115878E+00    .351033E+00   -.303363E+00
    .116681E+00    .351876E+00   -.303545E+00
    .117490E+00    .352720E+00   -.303723E+00
    .118304E+00    .353564E+00   -.303894E+00
    .119124E+00    .354408E+00   -.304058E+00
    .119950E+00    .355252E+00   -.304219E+00
    .120781E+00    .356096E+00   -.304373E+00
    .121619E+00    .356940E+00   -.304522E+00
    .122462E+00    .357782E+00   -.304665E+00
    .123310E+00    .358626E+00   -.304802E+00
    .124165E+00    .359470E+00   -.304936E+00
    .125026E+00    .360312E+00   -.305062E+00
    .125893E+00    .361155E+00   -.305183E+00
    .126765E+00    .361998E+00   -.305298E+00
    .127644E+00    .362841E+00   -.305408E+00
    .128529E+00    .363682E+00   -.305511E+00
    .129420E+00    .364524E+00   -.305610E+00
    .130317E+00    .365365E+00   -.305703E+00
    .131220E+00    .366205E+00   -.305792E+00
    .132130E+00    .367046E+00   -.305873E+00
    .133045E+00    .367885E+00   -.305949E+00
    .133968E+00    .368725E+00   -.306021E+00
    .134896E+00    .369563E+00   -.306087E+00
    .135831E+00    .370401E+00   -.306149E+00
    .136773E+00    .371239E+00   -.306204E+00
    .137721E+00    .372076E+00   -.306254E+00
    .138676E+00    .372912E+00   -.306300E+00
    .139637E+00    .373748E+00   -.306341E+00
    .140605E+00    .374583E+00   -.306374E+00
    .141579E+00    .375417E+00   -.306404E+00
    .142561E+00    .376251E+00   -.306430E+00
    .143549E+00    .377083E+00   -.306448E+00
    .144544E+00    .377915E+00   -.306462E+00
    .145546E+00    .378747E+00   -.306471E+00
    .146555E+00    .379577E+00   -.306476E+00
    .147571E+00    .380408E+00   -.306475E+00
    .148594E+00    .381239E+00   -.306468E+00
    .149624E+00    .382069E+00   -.306457E+00
    .150661E+00    .382898E+00   -.306441E+00
    .151705E+00    .383727E+00   -.306419E+00
    .152757E+00    .384555E+00   -.306393E+00
    .153815E+00    .385384E+00   -.306359E+00
    .154882E+00    .386213E+00   -.306322E+00
    .155955E+00    .387041E+00   -.306279E+00
    .157036E+00    .387869E+00   -.306231E+00
    .158125E+00    .388698E+00   -.306177E+00
    .159221E+00    .389526E+00   -.306117E+00
    .160325E+00    .390354E+00   -.306052E+00
    .161436E+00    .391182E+00   -.305983E+00
    .162555E+00    .392011E+00   -.305908E+00
    .163682E+00    .392839E+00   -.305827E+00
    .164816E+00    .393668E+00   -.305741E+00
    .165959E+00    .394497E+00   -.305650E+00
    .167109E+00    .395327E+00   -.305555E+00
    .168267E+00    .396156E+00   -.305455E+00
    .169434E+00    .396987E+00   -.305348E+00
    .170608E+00    .397816E+00   -.305238E+00
    .171791E+00    .398646E+00   -.305122E+00
    .172982E+00    .399476E+00   -.305003E+00
    .174181E+00    .400306E+00   -.304880E+00
    .175388E+00    .401137E+00   -.304753E+00
    .176604E+00    .401966E+00   -.304619E+00
    .177828E+00    .402797E+00   -.304484E+00
    .179061E+00    .403627E+00   -.304343E+00
    .180302E+00    .404456E+00   -.304200E+00
    .181552E+00    .405287E+00   -.304052E+00
    .182810E+00    .406117E+00   -.303903E+00
    .184077E+00    .406947E+00   -.303747E+00
    .185353E+00    .407779E+00   -.303589E+00
    .186638E+00    .408608E+00   -.303429E+00
    .187932E+00    .409440E+00   -.303264E+00
    .189234E+00    .410271E+00   -.303096E+00
    .190546E+00    .411103E+00   -.302927E+00
    .191867E+00    .411936E+00   -.302752E+00
    .193197E+00    .412769E+00   -.302576E+00
    .194536E+00    .413603E+00   -.302396E+00
    .195884E+00    .414439E+00   -.302213E+00
    .197242E+00    .415275E+00   -.302026E+00
    .198609E+00    .416114E+00   -.301837E+00
    .199986E+00    .416953E+00   -.301644E+00
    .201372E+00    .417795E+00   -.301449E+00
    .202768E+00    .418637E+00   -.301251E+00
    .204174E+00    .419482E+00   -.301049E+00
    .205589E+00    .420328E+00   -.300843E+00
    .207014E+00    .421175E+00   -.300637E+00
    .208449E+00    .422026E+00   -.300428E+00
    .209894E+00    .422878E+00   -.300215E+00
    .211349E+00    .423732E+00   -.300003E+00
    .212814E+00    .424588E+00   -.299787E+00
    .214289E+00    .425446E+00   -.299568E+00
    .215774E+00    .426306E+00   -.299350E+00
    .217270E+00    .427167E+00   -.299129E+00
    .218776E+00    .428030E+00   -.298909E+00
    .220293E+00    .428896E+00   -.298686E+00
    .221820E+00    .429764E+00   -.298462E+00
    .223357E+00    .430633E+00   -.298241E+00
    .224905E+00    .431502E+00   -.298017E+00
    .226464E+00    .432375E+00   -.297793E+00
    .228034E+00    .433248E+00   -.297569E+00
    .229615E+00    .434125E+00   -.297348E+00
    .231206E+00    .435002E+00   -.297125E+00
    .232809E+00    .435882E+00   -.296902E+00
    .234423E+00    .436765E+00   -.296680E+00
    .236048E+00    .437650E+00   -.296457E+00
    .237684E+00    .438539E+00   -.296237E+00
    .239332E+00    .439431E+00   -.296015E+00
    .240991E+00    .440326E+00   -.295793E+00
    .242661E+00    .441225E+00   -.295574E+00
    .244343E+00    .442128E+00   -.295352E+00
    .246037E+00    .443036E+00   -.295133E+00
    .247742E+00    .443948E+00   -.294915E+00
    .249459E+00    .444862E+00   -.294696E+00
    .251189E+00    .445782E+00   -.294480E+00
    .252930E+00    .446705E+00   -.294264E+00
    .254683E+00    .447631E+00   -.294050E+00
    .256448E+00    .448561E+00   -.293838E+00
    .258226E+00    .449494E+00   -.293629E+00
    .260016E+00    .450431E+00   -.293423E+00
    .261818E+00    .451371E+00   -.293219E+00
    .263633E+00    .452314E+00   -.293019E+00
    .265461E+00    .453259E+00   -.292822E+00
    .267301E+00    .454210E+00   -.292630E+00
    .269153E+00    .455163E+00   -.292439E+00
    .271019E+00    .456120E+00   -.292253E+00
    .272898E+00    .457079E+00   -.292072E+00
    .274789E+00    .458044E+00   -.291896E+00
    .276694E+00    .459011E+00   -.291723E+00
    .278612E+00    .459984E+00   -.291555E+00
    .280543E+00    .460960E+00   -.291390E+00
    .282488E+00    .461940E+00   -.291229E+00
    .284446E+00    .462926E+00   -.291072E+00
    .286418E+00    .463916E+00   -.290919E+00
    .288403E+00    .464911E+00   -.290772E+00
    .290402E+00    .465911E+00   -.290628E+00
    .292415E+00    .466916E+00   -.290487E+00
    .294442E+00    .467925E+00   -.290351E+00
    .296483E+00    .468939E+00   -.290220E+00
    .298538E+00    .469958E+00   -.290096E+00
    .300608E+00    .470980E+00   -.289975E+00
    .302691E+00    .472006E+00   -.289866E+00
    .304789E+00    .473035E+00   -.289759E+00
    .306902E+00    .474067E+00   -.289661E+00
    .309030E+00    .475104E+00   -.289571E+00
    .311172E+00    .476142E+00   -.289491E+00
    .313329E+00    .477181E+00   -.289417E+00
    .315500E+00    .478225E+00   -.289349E+00
    .317687E+00    .479272E+00   -.289290E+00
    .319890E+00    .480321E+00   -.289240E+00
    .322107E+00    .481373E+00   -.289196E+00
    .324340E+00    .482430E+00   -.289161E+00
    .326588E+00    .483490E+00   -.289132E+00
    .328852E+00    .484554E+00   -.289109E+00
    .331131E+00    .485621E+00   -.289094E+00
    .333426E+00    .486694E+00   -.289086E+00
    .335738E+00    .487768E+00   -.289086E+00
    .338065E+00    .488845E+00   -.289093E+00
    .340408E+00    .489924E+00   -.289110E+00
    .342768E+00    .491005E+00   -.289134E+00
    .345144E+00    .492087E+00   -.289171E+00
    .347536E+00    .493170E+00   -.289215E+00
    .349945E+00    .494253E+00   -.289273E+00
    .352371E+00    .495336E+00   -.289342E+00
    .354813E+00    .496420E+00   -.289420E+00
    .357273E+00    .497502E+00   -.289513E+00
    .359749E+00    .498583E+00   -.289613E+00
    .362243E+00    .499664E+00   -.289725E+00
    .364754E+00    .500745E+00   -.289846E+00
    .367282E+00    .501826E+00   -.289980E+00
    .369828E+00    .502908E+00   -.290121E+00
    .372392E+00    .503991E+00   -.290269E+00
    .374973E+00    .505075E+00   -.290429E+00
    .377572E+00    .506157E+00   -.290601E+00
    .380189E+00    .507238E+00   -.290779E+00
    .382825E+00    .508319E+00   -.290972E+00
    .385478E+00    .509397E+00   -.291176E+00
    .388150E+00    .510470E+00   -.291392E+00
    .390841E+00    .511541E+00   -.291623E+00
    .393550E+00    .512605E+00   -.291865E+00
    .396278E+00    .513668E+00   -.292124E+00
    .399025E+00    .514724E+00   -.292398E+00
    .401791E+00    .515777E+00   -.292683E+00
    .404576E+00    .516825E+00   -.292984E+00
    .407380E+00    .517872E+00   -.293298E+00
    .410204E+00    .518913E+00   -.293620E+00
    .413048E+00    .519951E+00   -.293953E+00
    .415911E+00    .520988E+00   -.294297E+00
    .418794E+00    .522019E+00   -.294655E+00
    .421697E+00    .523048E+00   -.295022E+00
    .424620E+00    .524071E+00   -.295400E+00
    .427563E+00    .525090E+00   -.295798E+00
    .430527E+00    .526104E+00   -.296208E+00
    .433511E+00    .527109E+00   -.296634E+00
    .436516E+00    .528108E+00   -.297077E+00
    .439542E+00    .529099E+00   -.297535E+00
    .442588E+00    .530083E+00   -.298015E+00
    .445656E+00    .531058E+00   -.298503E+00
    .448745E+00    .532031E+00   -.299012E+00
    .451856E+00    .532999E+00   -.299526E+00
    .454988E+00    .533968E+00   -.300060E+00
    .458142E+00    .534936E+00   -.300602E+00
    .461318E+00    .535903E+00   -.301162E+00
    .464515E+00    .536866E+00   -.301730E+00
    .467735E+00    .537824E+00   -.302314E+00
    .470977E+00    .538780E+00   -.302915E+00
    .474242E+00    .539732E+00   -.303534E+00
    .477529E+00    .540678E+00   -.304173E+00
    .480839E+00    .541617E+00   -.304829E+00
    .484172E+00    .542553E+00   -.305506E+00
    .487528E+00    .543489E+00   -.306203E+00
    .490908E+00    .544427E+00   -.306915E+00
    .494311E+00    .545366E+00   -.307640E+00
    .497737E+00    .546314E+00   -.308377E+00
    .501187E+00    .547272E+00   -.309122E+00
    .504661E+00    .548239E+00   -.309886E+00
    .508159E+00    .549215E+00   -.310662E+00
    .511682E+00    .550195E+00   -.311459E+00
    .515229E+00    .551179E+00   -.312281E+00
    .518800E+00    .552170E+00   -.313123E+00
    .522396E+00    .553166E+00   -.313990E+00
    .526017E+00    .554168E+00   -.314880E+00
    .529663E+00    .555183E+00   -.315795E+00
    .533335E+00    .556211E+00   -.316732E+00
    .537032E+00    .557261E+00   -.317684E+00
    .540754E+00    .558329E+00   -.318654E+00
    .544503E+00    .559427E+00   -.319643E+00
    .548277E+00    .560550E+00   -.320644E+00
    .552077E+00    .561703E+00   -.321671E+00
    .555904E+00    .562875E+00   -.322726E+00
    .559758E+00    .564072E+00   -.323819E+00
    .563638E+00    .565289E+00   -.324936E+00
    .567545E+00    .566531E+00   -.326095E+00
    .571479E+00    .567807E+00   -.327279E+00
    .575440E+00    .569119E+00   -.328490E+00
    .579429E+00    .570476E+00   -.329739E+00
    .583445E+00    .571884E+00   -.330995E+00
    .587489E+00    .573347E+00   -.332278E+00
    .591562E+00    .574864E+00   -.333596E+00
    .595662E+00    .576427E+00   -.334949E+00
    .599791E+00    .578043E+00   -.336357E+00
    .603949E+00    .579712E+00   -.337826E+00
    .608135E+00    .581433E+00   -.339336E+00
    .612350E+00    .583207E+00   -.340884E+00
    .616595E+00    .585041E+00   -.342457E+00
    .620869E+00    .586933E+00   -.344068E+00
    .625173E+00    .588884E+00   -.345722E+00
    .629506E+00    .590891E+00   -.347416E+00
    .633870E+00    .592970E+00   -.349149E+00
    .638263E+00    .595100E+00   -.350907E+00
    .642688E+00    .597305E+00   -.352728E+00
    .647143E+00    .599561E+00   -.354568E+00
    .651628E+00    .601886E+00   -.356460E+00
    .656145E+00    .604263E+00   -.358387E+00
    .660693E+00    .606696E+00   -.360358E+00
    .665273E+00    .609192E+00   -.362375E+00
    .669885E+00    .611729E+00   -.364423E+00
    .674528E+00    .614328E+00   -.366495E+00
    .679204E+00    .616970E+00   -.368632E+00
    .683912E+00    .619648E+00   -.370781E+00
    .688652E+00    .622371E+00   -.372989E+00
    .693426E+00    .625122E+00   -.375239E+00
    .698232E+00    .627904E+00   -.377497E+00
    .703072E+00    .630702E+00   -.379806E+00
    .707946E+00    .633518E+00   -.382161E+00
    .712853E+00    .636320E+00   -.384505E+00
    .717794E+00    .639118E+00   -.386888E+00
    .722770E+00    .641897E+00   -.389258E+00
    .727780E+00    .644633E+00   -.391658E+00
    .732825E+00    .647326E+00   -.394086E+00
    .737904E+00    .649970E+00   -.396508E+00
    .743019E+00    .652515E+00   -.398905E+00
    .748170E+00    .654992E+00   -.401306E+00
    .753356E+00    .657353E+00   -.403673E+00
    .758578E+00    .659589E+00   -.406024E+00
    .763836E+00    .661673E+00   -.408311E+00
    .769130E+00    .663566E+00   -.410538E+00
    .774462E+00    .665270E+00   -.412677E+00
    .779830E+00    .666710E+00   -.414711E+00
    .785236E+00    .667902E+00   -.416630E+00
    .790679E+00    .668781E+00   -.418425E+00
    .796159E+00    .669331E+00   -.420002E+00
    .801678E+00    .669389E+00   -.421269E+00
    .807235E+00    .669034E+00   -.422207E+00
    .812831E+00    .668279E+00   -.423048E+00
    .818465E+00    .667231E+00   -.423735E+00
    .824138E+00    .665770E+00   -.424308E+00
    .829851E+00    .663865E+00   -.424629E+00
    .835603E+00    .661576E+00   -.424748E+00
    .841395E+00    .658847E+00   -.424746E+00
    .847227E+00    .655581E+00   -.424495E+00
    .853100E+00    .651931E+00   -.424043E+00
    .859014E+00    .647712E+00   -.423285E+00
    .864968E+00    .642963E+00   -.422411E+00
    .870964E+00    .637690E+00   -.421228E+00
    .877001E+00    .631892E+00   -.419732E+00
    .883080E+00    .625451E+00   -.417906E+00
    .889201E+00    .618528E+00   -.415823E+00
    .895365E+00    .610972E+00   -.413526E+00
    .901571E+00    .602721E+00   -.410778E+00
    .907821E+00    .593970E+00   -.407804E+00
    .914113E+00    .584548E+00   -.404574E+00
    .920450E+00    .574550E+00   -.400644E+00
    .926830E+00    .563620E+00   -.396317E+00
    .933254E+00    .552191E+00   -.391532E+00
    .939723E+00    .539949E+00   -.386518E+00
    .946237E+00    .527171E+00   -.380584E+00
    .952796E+00    .513577E+00   -.374906E+00
    .959401E+00    .499487E+00   -.368008E+00
    .966051E+00    .483871E+00   -.359732E+00
    .972747E+00    .467692E+00   -.351670E+00
    .979490E+00    .451667E+00   -.341853E+00
    .986279E+00    .431373E+00   -.333333E+00
    .993116E+00    .410000E+00   -.326923E+00

