    .100000E-02    .101977E-01   -.151530E-01
    .100700E-02    .102728E-01   -.152472E-01
    .101400E-02    .103482E-01   -.153433E-01
    .102100E-02    .104238E-01   -.154381E-01
    .102800E-02    .104996E-01   -.155347E-01
    .103500E-02    .105756E-01   -.156317E-01
    .104200E-02    .106519E-01   -.157289E-01
    .105000E-02    .107300E-01   -.158265E-01
    .105700E-02    .108083E-01   -.159259E-01
    .106400E-02    .108869E-01   -.160240E-01
    .107200E-02    .109657E-01   -.161241E-01
    .107900E-02    .110464E-01   -.162261E-01
    .108600E-02    .111257E-01   -.163267E-01
    .109400E-02    .112068E-01   -.164276E-01
    .110200E-02    .112882E-01   -.165305E-01
    .110900E-02    .113698E-01   -.166337E-01
    .111700E-02    .114533E-01   -.167372E-01
    .112500E-02    .115355E-01   -.168427E-01
    .113200E-02    .116195E-01   -.169468E-01
    .114000E-02    .117037E-01   -.170529E-01
    .114800E-02    .117882E-01   -.171593E-01
    .115600E-02    .118746E-01   -.172660E-01
    .116400E-02    .119596E-01   -.173730E-01
    .117200E-02    .120465E-01   -.174820E-01
    .118000E-02    .121337E-01   -.175914E-01
    .118900E-02    .122211E-01   -.177010E-01
    .119700E-02    .123104E-01   -.178110E-01
    .120500E-02    .124000E-01   -.179230E-01
    .121300E-02    .124882E-01   -.180336E-01
    .122200E-02    .125800E-01   -.181463E-01
    .123000E-02    .126704E-01   -.182593E-01
    .123900E-02    .127611E-01   -.183743E-01
    .124700E-02    .128537E-01   -.184879E-01
    .125600E-02    .129465E-01   -.186036E-01
    .126500E-02    .130397E-01   -.187196E-01
    .127400E-02    .131348E-01   -.188376E-01
    .128200E-02    .132285E-01   -.189544E-01
    .129100E-02    .133241E-01   -.190731E-01
    .130000E-02    .134200E-01   -.191922E-01
    .130900E-02    .135179E-01   -.193116E-01
    .131800E-02    .136144E-01   -.194314E-01
    .132700E-02    .137129E-01   -.195533E-01
    .133700E-02    .138117E-01   -.196755E-01
    .134600E-02    .139107E-01   -.197981E-01
    .135500E-02    .140100E-01   -.199210E-01
    .136500E-02    .141114E-01   -.200460E-01
    .137400E-02    .142130E-01   -.201714E-01
    .138400E-02    .143149E-01   -.202972E-01
    .139300E-02    .144171E-01   -.204233E-01
    .140300E-02    .145214E-01   -.205515E-01
    .141300E-02    .146259E-01   -.206784E-01
    .142200E-02    .147307E-01   -.208073E-01
    .143200E-02    .148359E-01   -.209384E-01
    .144200E-02    .149430E-01   -.210681E-01
    .145200E-02    .150505E-01   -.211999E-01
    .146200E-02    .151583E-01   -.213321E-01
    .147200E-02    .152664E-01   -.214647E-01
    .148300E-02    .153765E-01   -.215995E-01
    .149300E-02    .154852E-01   -.217329E-01
    .150300E-02    .155960E-01   -.218684E-01
    .151400E-02    .157088E-01   -.220061E-01
    .152400E-02    .158202E-01   -.221423E-01
    .153500E-02    .159337E-01   -.222808E-01
    .154500E-02    .160474E-01   -.224197E-01
    .155600E-02    .161616E-01   -.225589E-01
    .156700E-02    .162778E-01   -.227004E-01
    .157800E-02    .163943E-01   -.228404E-01
    .158900E-02    .165112E-01   -.229845E-01
    .160000E-02    .166283E-01   -.231271E-01
    .161100E-02    .167476E-01   -.232702E-01
    .162200E-02    .168672E-01   -.234154E-01
    .163300E-02    .169872E-01   -.235611E-01
    .164400E-02    .171075E-01   -.237090E-01
    .165600E-02    .172299E-01   -.238555E-01
    .166700E-02    .173527E-01   -.240042E-01
    .167900E-02    .174757E-01   -.241552E-01
    .169000E-02    .175992E-01   -.243047E-01
    .170200E-02    .177248E-01   -.244566E-01
    .171400E-02    .178507E-01   -.246088E-01
    .172600E-02    .179770E-01   -.247614E-01
    .173800E-02    .181054E-01   -.249164E-01
    .175000E-02    .182342E-01   -.250717E-01
    .176200E-02    .183633E-01   -.252275E-01
    .177400E-02    .184928E-01   -.253837E-01
    .178600E-02    .186245E-01   -.255423E-01
    .179900E-02    .187565E-01   -.257012E-01
    .181100E-02    .188889E-01   -.258605E-01
    .182400E-02    .190234E-01   -.260222E-01
    .183700E-02    .191584E-01   -.261825E-01
    .184900E-02    .192937E-01   -.263451E-01
    .186200E-02    .194293E-01   -.265099E-01
    .187500E-02    .195672E-01   -.266752E-01
    .188800E-02    .197054E-01   -.268410E-01
    .190100E-02    .198440E-01   -.270073E-01
    .191400E-02    .199849E-01   -.271739E-01
    .192800E-02    .201261E-01   -.273430E-01
    .194100E-02    .202677E-01   -.275124E-01
    .195400E-02    .204096E-01   -.276842E-01
    .196800E-02    .205538E-01   -.278565E-01
    .198200E-02    .206984E-01   -.280293E-01
    .199500E-02    .208452E-01   -.282025E-01
    .200900E-02    .209906E-01   -.283781E-01
    .202300E-02    .211401E-01   -.285542E-01
    .203700E-02    .212880E-01   -.287307E-01
    .205100E-02    .214383E-01   -.289096E-01
    .206500E-02    .215871E-01   -.290890E-01
    .208000E-02    .217400E-01   -.292689E-01
    .209400E-02    .218914E-01   -.294512E-01
    .210900E-02    .220451E-01   -.296320E-01
    .212300E-02    .222012E-01   -.298172E-01
    .213800E-02    .223557E-01   -.300009E-01
    .215300E-02    .225125E-01   -.301870E-01
    .216800E-02    .226697E-01   -.303737E-01
    .218300E-02    .228292E-01   -.305607E-01
    .219800E-02    .229891E-01   -.307503E-01
    .221300E-02    .231495E-01   -.309403E-01
    .222800E-02    .233102E-01   -.311328E-01
    .224400E-02    .234732E-01   -.313258E-01
    .225900E-02    .236367E-01   -.315193E-01
    .227500E-02    .238025E-01   -.317133E-01
    .229100E-02    .239688E-01   -.319098E-01
    .230700E-02    .241354E-01   -.321067E-01
    .232300E-02    .243044E-01   -.323041E-01
    .233900E-02    .244738E-01   -.325041E-01
    .235500E-02    .246436E-01   -.327045E-01
    .237100E-02    .248158E-01   -.329075E-01
    .238800E-02    .249884E-01   -.331090E-01
    .240400E-02    .251615E-01   -.333130E-01
    .242100E-02    .253349E-01   -.335195E-01
    .243800E-02    .255127E-01   -.337265E-01
    .245500E-02    .256890E-01   -.339340E-01
    .247200E-02    .258676E-01   -.341420E-01
    .248900E-02    .260467E-01   -.343526E-01
    .250600E-02    .262262E-01   -.345636E-01
    .252300E-02    .264081E-01   -.347772E-01
    .254100E-02    .265905E-01   -.349914E-01
    .255900E-02    .267752E-01   -.352061E-01
    .257600E-02    .269604E-01   -.354233E-01
    .259400E-02    .271460E-01   -.356411E-01
    .261200E-02    .273341E-01   -.358594E-01
    .263000E-02    .275226E-01   -.360802E-01
    .264900E-02    .277115E-01   -.363016E-01
    .266700E-02    .279028E-01   -.365236E-01
    .268500E-02    .280947E-01   -.367480E-01
    .270400E-02    .282890E-01   -.369731E-01
    .272300E-02    .284836E-01   -.372007E-01
    .274200E-02    .286788E-01   -.374289E-01
    .276100E-02    .288763E-01   -.376576E-01
    .278000E-02    .290744E-01   -.378889E-01
    .279900E-02    .292749E-01   -.381208E-01
    .281800E-02    .294738E-01   -.383532E-01
    .283800E-02    .296773E-01   -.385882E-01
    .285800E-02    .298812E-01   -.388238E-01
    .287700E-02    .300855E-01   -.390620E-01
    .289700E-02    .302903E-01   -.393007E-01
    .291700E-02    .304975E-01   -.395401E-01
    .293800E-02    .307053E-01   -.397821E-01
    .295800E-02    .309155E-01   -.400246E-01
    .297900E-02    .311262E-01   -.402697E-01
    .299900E-02    .313394E-01   -.405133E-01
    .302000E-02    .315530E-01   -.407616E-01
    .304100E-02    .317671E-01   -.410085E-01
    .306200E-02    .319836E-01   -.412601E-01
    .308300E-02    .322007E-01   -.415101E-01
    .310500E-02    .324203E-01   -.417628E-01
    .312600E-02    .326403E-01   -.420161E-01
    .314800E-02    .328629E-01   -.422721E-01
    .317000E-02    .330859E-01   -.425286E-01
    .319200E-02    .333094E-01   -.427878E-01
    .321400E-02    .335354E-01   -.430476E-01
    .323600E-02    .337620E-01   -.433079E-01
    .325800E-02    .339910E-01   -.435710E-01
    .328100E-02    .342205E-01   -.438346E-01
    .330400E-02    .344525E-01   -.441010E-01
    .332700E-02    .346850E-01   -.443678E-01
    .335000E-02    .349180E-01   -.446353E-01
    .337300E-02    .351535E-01   -.449055E-01
    .339600E-02    .353916E-01   -.451762E-01
    .342000E-02    .356302E-01   -.454496E-01
    .344300E-02    .358691E-01   -.457238E-01
    .346700E-02    .361107E-01   -.460005E-01
    .349100E-02    .363528E-01   -.462778E-01
    .351600E-02    .365974E-01   -.465580E-01
    .354000E-02    .368424E-01   -.468387E-01
    .356500E-02    .370880E-01   -.471199E-01
    .358900E-02    .373382E-01   -.474038E-01
    .361400E-02    .375868E-01   -.476884E-01
    .363900E-02    .378380E-01   -.479757E-01
    .366400E-02    .380917E-01   -.482636E-01
    .369000E-02    .383459E-01   -.485521E-01
    .371500E-02    .386006E-01   -.488433E-01
    .374100E-02    .388579E-01   -.491373E-01
    .376700E-02    .391178E-01   -.494319E-01
    .379300E-02    .393781E-01   -.497270E-01
    .381900E-02    .396388E-01   -.500250E-01
    .384600E-02    .399023E-01   -.503257E-01
    .387300E-02    .401682E-01   -.506247E-01
    .389900E-02    .404347E-01   -.509288E-01
    .392600E-02    .407016E-01   -.512312E-01
    .395400E-02    .409711E-01   -.515387E-01
    .398100E-02    .412433E-01   -.518444E-01
    .400900E-02    .415158E-01   -.521529E-01
    .403600E-02    .417889E-01   -.524643E-01
    .406400E-02    .420645E-01   -.527762E-01
    .409300E-02    .423428E-01   -.530909E-01
    .412100E-02    .426215E-01   -.534063E-01
    .415000E-02    .429007E-01   -.537222E-01
    .417800E-02    .431846E-01   -.540409E-01
    .420700E-02    .434668E-01   -.543623E-01
    .423600E-02    .437516E-01   -.546844E-01
    .426600E-02    .440391E-01   -.550069E-01
    .429500E-02    .443270E-01   -.553324E-01
    .432500E-02    .446176E-01   -.556606E-01
    .435500E-02    .449107E-01   -.559895E-01
    .438500E-02    .452043E-01   -.563187E-01
    .441600E-02    .454984E-01   -.566509E-01
    .444600E-02    .457950E-01   -.569859E-01
    .447700E-02    .460943E-01   -.573216E-01
    .450800E-02    .463939E-01   -.576576E-01
    .453900E-02    .466941E-01   -.579966E-01
    .457100E-02    .469991E-01   -.583383E-01
    .460300E-02    .473022E-01   -.586806E-01
    .463400E-02    .476103E-01   -.590234E-01
    .466700E-02    .479187E-01   -.593692E-01
    .469900E-02    .482275E-01   -.597177E-01
    .473200E-02    .485389E-01   -.600668E-01
    .476400E-02    .488531E-01   -.604185E-01
    .479700E-02    .491676E-01   -.607710E-01
    .483100E-02    .494847E-01   -.611262E-01
    .486400E-02    .498045E-01   -.614820E-01
    .489800E-02    .501246E-01   -.618407E-01
    .493200E-02    .504451E-01   -.621998E-01
    .496600E-02    .507705E-01   -.625617E-01
    .500000E-02    .510963E-01   -.629242E-01
    .503500E-02    .514224E-01   -.632896E-01
    .507000E-02    .517512E-01   -.636577E-01
    .510500E-02    .520826E-01   -.640263E-01
    .514000E-02    .524143E-01   -.643955E-01
    .517600E-02    .527488E-01   -.647699E-01
    .521200E-02    .530835E-01   -.651423E-01
    .524800E-02    .534231E-01   -.655201E-01
    .528400E-02    .537608E-01   -.658959E-01
    .532100E-02    .541033E-01   -.662769E-01
    .535800E-02    .544462E-01   -.666583E-01
    .539500E-02    .547895E-01   -.670404E-01
    .543300E-02    .551376E-01   -.674251E-01
    .547000E-02    .554861E-01   -.678128E-01
    .550800E-02    .558349E-01   -.682008E-01
    .554600E-02    .561863E-01   -.685917E-01
    .558500E-02    .565403E-01   -.689831E-01
    .562300E-02    .568967E-01   -.693773E-01
    .566200E-02    .572537E-01   -.697744E-01
    .570200E-02    .576131E-01   -.701718E-01
    .574100E-02    .579751E-01   -.705721E-01
    .578100E-02    .583374E-01   -.709728E-01
    .582100E-02    .587023E-01   -.713764E-01
    .586100E-02    .590675E-01   -.717803E-01
    .590200E-02    .594352E-01   -.721872E-01
    .594300E-02    .598054E-01   -.725967E-01
    .598400E-02    .601784E-01   -.730066E-01
    .602600E-02    .605514E-01   -.734196E-01
    .606700E-02    .609271E-01   -.738351E-01
    .610900E-02    .613054E-01   -.742511E-01
    .615200E-02    .616837E-01   -.746699E-01
    .619400E-02    .620647E-01   -.750890E-01
    .623700E-02    .624483E-01   -.755110E-01
    .628100E-02    .628343E-01   -.759358E-01
    .632400E-02    .632205E-01   -.763607E-01
    .636800E-02    .636092E-01   -.767887E-01
    .641200E-02    .639982E-01   -.772168E-01
    .645700E-02    .643920E-01   -.776479E-01
    .650100E-02    .647859E-01   -.780817E-01
    .654600E-02    .651824E-01   -.785157E-01
    .659200E-02    .655790E-01   -.789526E-01
    .663700E-02    .659804E-01   -.793922E-01
    .668300E-02    .663821E-01   -.798322E-01
    .673000E-02    .667860E-01   -.802749E-01
    .677600E-02    .671903E-01   -.807178E-01
    .682300E-02    .675968E-01   -.811659E-01
    .687100E-02    .680059E-01   -.816118E-01
    .691800E-02    .684174E-01   -.820630E-01
    .696600E-02    .688314E-01   -.825145E-01
    .701500E-02    .692454E-01   -.829687E-01
    .706300E-02    .696620E-01   -.834230E-01
    .711200E-02    .700809E-01   -.838825E-01
    .716100E-02    .705022E-01   -.843398E-01
    .721100E-02    .709234E-01   -.848023E-01
    .726100E-02    .713496E-01   -.852649E-01
    .731100E-02    .717757E-01   -.857304E-01
    .736200E-02    .722043E-01   -.861960E-01
    .741300E-02    .726328E-01   -.866665E-01
    .746400E-02    .730660E-01   -.871375E-01
    .751600E-02    .734992E-01   -.876085E-01
    .756800E-02    .739348E-01   -.880822E-01
    .762100E-02    .743725E-01   -.885585E-01
    .767400E-02    .748129E-01   -.890376E-01
    .772700E-02    .752530E-01   -.895167E-01
    .778000E-02    .756979E-01   -.899984E-01
    .783400E-02    .761425E-01   -.904828E-01
    .788900E-02    .765897E-01   -.909671E-01
    .794300E-02    .770390E-01   -.914567E-01
    .799800E-02    .774905E-01   -.919438E-01
    .805400E-02    .779421E-01   -.924361E-01
    .811000E-02    .783982E-01   -.929283E-01
    .816600E-02    .788541E-01   -.934232E-01
    .822200E-02    .793123E-01   -.939205E-01
    .827900E-02    .797726E-01   -.944178E-01
    .833700E-02    .802351E-01   -.949203E-01
    .839500E-02    .807000E-01   -.954229E-01
    .845300E-02    .811670E-01   -.959253E-01
    .851100E-02    .816335E-01   -.964329E-01
    .857000E-02    .821049E-01   -.969402E-01
    .863000E-02    .825759E-01   -.974476E-01
    .869000E-02    .830490E-01   -.979601E-01
    .875000E-02    .835267E-01   -.984724E-01
    .881000E-02    .840040E-01   -.989873E-01
    .887200E-02    .844835E-01   -.995044E-01
    .893300E-02    .849652E-01   -.100024E+00
    .899500E-02    .854463E-01   -.100544E+00
    .905700E-02    .859319E-01   -.101066E+00
    .912000E-02    .864196E-01   -.101590E+00
    .918300E-02    .869070E-01   -.102117E+00
    .924700E-02    .873987E-01   -.102644E+00
    .931100E-02    .878924E-01   -.103173E+00
    .937600E-02    .883857E-01   -.103704E+00
    .944100E-02    .888810E-01   -.104238E+00
    .950600E-02    .893806E-01   -.104771E+00
    .957200E-02    .898798E-01   -.105307E+00
    .963800E-02    .903833E-01   -.105845E+00
    .970500E-02    .908864E-01   -.106386E+00
    .977200E-02    .913913E-01   -.106928E+00
    .984000E-02    .918980E-01   -.107471E+00
    .990800E-02    .924092E-01   -.108015E+00
    .997700E-02    .929196E-01   -.108562E+00
    .100460E-01    .934318E-01   -.109112E+00
    .101160E-01    .939460E-01   -.109663E+00
    .101860E-01    .944644E-01   -.110214E+00
    .102570E-01    .949821E-01   -.110767E+00
    .103280E-01    .955015E-01   -.111323E+00
    .103990E-01    .960229E-01   -.111881E+00
    .104710E-01    .965482E-01   -.112440E+00
    .105440E-01    .970729E-01   -.112999E+00
    .106170E-01    .976016E-01   -.113563E+00
    .106910E-01    .981298E-01   -.114127E+00
    .107650E-01    .986619E-01   -.114693E+00
    .108390E-01    .991932E-01   -.115258E+00
    .109140E-01    .997285E-01   -.115828E+00
    .109900E-01    .100266E+00   -.116397E+00
    .110660E-01    .100804E+00   -.116971E+00
    .111430E-01    .101342E+00   -.117544E+00
    .112200E-01    .101884E+00   -.118120E+00
    .112980E-01    .102427E+00   -.118694E+00
    .113760E-01    .102974E+00   -.119274E+00
    .114550E-01    .103520E+00   -.119852E+00
    .115350E-01    .104068E+00   -.120436E+00
    .116140E-01    .104620E+00   -.121018E+00
    .116950E-01    .105170E+00   -.121603E+00
    .117760E-01    .105725E+00   -.122189E+00
    .118580E-01    .106280E+00   -.122778E+00
    .119400E-01    .106838E+00   -.123365E+00
    .120230E-01    .107396E+00   -.123957E+00
    .121060E-01    .107956E+00   -.124548E+00
    .121900E-01    .108520E+00   -.125144E+00
    .122740E-01    .109082E+00   -.125739E+00
    .123590E-01    .109648E+00   -.126335E+00
    .124450E-01    .110216E+00   -.126934E+00
    .125310E-01    .110784E+00   -.127531E+00
    .126180E-01    .111354E+00   -.128133E+00
    .127060E-01    .111928E+00   -.128737E+00
    .127940E-01    .112502E+00   -.129340E+00
    .128820E-01    .113078E+00   -.129947E+00
    .129720E-01    .113655E+00   -.130553E+00
    .130620E-01    .114233E+00   -.131160E+00
    .131520E-01    .114814E+00   -.131769E+00
    .132430E-01    .115394E+00   -.132381E+00
    .133350E-01    .115978E+00   -.132993E+00
    .134280E-01    .116564E+00   -.133607E+00
    .135210E-01    .117150E+00   -.134220E+00
    .136140E-01    .117739E+00   -.134837E+00
    .137090E-01    .118329E+00   -.135456E+00
    .138040E-01    .118919E+00   -.136073E+00
    .139000E-01    .119513E+00   -.136695E+00
    .139960E-01    .120105E+00   -.137316E+00
    .140930E-01    .120703E+00   -.137937E+00
    .141910E-01    .121300E+00   -.138561E+00
    .142890E-01    .121899E+00   -.139188E+00
    .143880E-01    .122500E+00   -.139814E+00
    .144880E-01    .123101E+00   -.140441E+00
    .145880E-01    .123705E+00   -.141070E+00
    .146890E-01    .124310E+00   -.141701E+00
    .147910E-01    .124915E+00   -.142332E+00
    .148940E-01    .125524E+00   -.142962E+00
    .149970E-01    .126133E+00   -.143596E+00
    .151010E-01    .126743E+00   -.144231E+00
    .152050E-01    .127356E+00   -.144868E+00
    .153110E-01    .127969E+00   -.145503E+00
    .154170E-01    .128582E+00   -.146142E+00
    .155240E-01    .129199E+00   -.146779E+00
    .156310E-01    .129819E+00   -.147420E+00
    .157400E-01    .130436E+00   -.148062E+00
    .158490E-01    .131056E+00   -.148703E+00
    .159590E-01    .131679E+00   -.149348E+00
    .160690E-01    .132303E+00   -.149990E+00
    .161810E-01    .132926E+00   -.150637E+00
    .162930E-01    .133552E+00   -.151282E+00
    .164060E-01    .134179E+00   -.151928E+00
    .165200E-01    .134808E+00   -.152578E+00
    .166340E-01    .135438E+00   -.153226E+00
    .167490E-01    .136069E+00   -.153877E+00
    .168660E-01    .136702E+00   -.154527E+00
    .169820E-01    .137334E+00   -.155178E+00
    .171000E-01    .137968E+00   -.155832E+00
    .172190E-01    .138606E+00   -.156484E+00
    .173380E-01    .139243E+00   -.157138E+00
    .174580E-01    .139882E+00   -.157795E+00
    .175790E-01    .140522E+00   -.158449E+00
    .177010E-01    .141164E+00   -.159107E+00
    .178240E-01    .141805E+00   -.159764E+00
    .179470E-01    .142449E+00   -.160421E+00
    .180720E-01    .143093E+00   -.161082E+00
    .181970E-01    .143739E+00   -.161740E+00
    .183230E-01    .144385E+00   -.162402E+00
    .184500E-01    .145033E+00   -.163062E+00
    .185780E-01    .145683E+00   -.163725E+00
    .187070E-01    .146333E+00   -.164389E+00
    .188360E-01    .146985E+00   -.165051E+00
    .189670E-01    .147639E+00   -.165716E+00
    .190990E-01    .148292E+00   -.166379E+00
    .192310E-01    .148945E+00   -.167045E+00
    .193640E-01    .149603E+00   -.167711E+00
    .194980E-01    .150259E+00   -.168378E+00
    .196340E-01    .150918E+00   -.169043E+00
    .197700E-01    .151576E+00   -.169711E+00
    .199070E-01    .152236E+00   -.170380E+00
    .200450E-01    .152898E+00   -.171048E+00
    .201840E-01    .153562E+00   -.171718E+00
    .203240E-01    .154225E+00   -.172387E+00
    .204640E-01    .154889E+00   -.173057E+00
    .206060E-01    .155553E+00   -.173728E+00
    .207490E-01    .156220E+00   -.174398E+00
    .208930E-01    .156888E+00   -.175069E+00
    .210380E-01    .157556E+00   -.175743E+00
    .211840E-01    .158226E+00   -.176414E+00
    .213300E-01    .158895E+00   -.177085E+00
    .214780E-01    .159565E+00   -.177760E+00
    .216270E-01    .160238E+00   -.178432E+00
    .217770E-01    .160911E+00   -.179106E+00
    .219280E-01    .161585E+00   -.179779E+00
    .220800E-01    .162262E+00   -.180454E+00
    .222330E-01    .162936E+00   -.181129E+00
    .223870E-01    .163613E+00   -.181804E+00
    .225420E-01    .164290E+00   -.182477E+00
    .226990E-01    .164969E+00   -.183152E+00
    .228560E-01    .165648E+00   -.183827E+00
    .230140E-01    .166329E+00   -.184503E+00
    .231740E-01    .167011E+00   -.185180E+00
    .233350E-01    .167692E+00   -.185855E+00
    .234960E-01    .168376E+00   -.186531E+00
    .236590E-01    .169058E+00   -.187206E+00
    .238230E-01    .169744E+00   -.187884E+00
    .239880E-01    .170429E+00   -.188559E+00
    .241550E-01    .171117E+00   -.189236E+00
    .243220E-01    .171803E+00   -.189913E+00
    .244910E-01    .172489E+00   -.190588E+00
    .246600E-01    .173180E+00   -.191265E+00
    .248310E-01    .173868E+00   -.191942E+00
    .250030E-01    .174560E+00   -.192618E+00
    .251770E-01    .175249E+00   -.193295E+00
    .253510E-01    .175942E+00   -.193970E+00
    .255270E-01    .176633E+00   -.194646E+00
    .257040E-01    .177328E+00   -.195322E+00
    .258820E-01    .178022E+00   -.195999E+00
    .260620E-01    .178717E+00   -.196674E+00
    .262420E-01    .179413E+00   -.197349E+00
    .264240E-01    .180109E+00   -.198026E+00
    .266070E-01    .180805E+00   -.198699E+00
    .267920E-01    .181504E+00   -.199375E+00
    .269770E-01    .182203E+00   -.200051E+00
    .271640E-01    .182901E+00   -.200726E+00
    .273530E-01    .183603E+00   -.201401E+00
    .275420E-01    .184303E+00   -.202072E+00
    .277330E-01    .185003E+00   -.202749E+00
    .279250E-01    .185706E+00   -.203422E+00
    .281190E-01    .186409E+00   -.204094E+00
    .283140E-01    .187112E+00   -.204767E+00
    .285100E-01    .187817E+00   -.205438E+00
    .287080E-01    .188522E+00   -.206112E+00
    .289070E-01    .189228E+00   -.206783E+00
    .291070E-01    .189933E+00   -.207455E+00
    .293090E-01    .190640E+00   -.208125E+00
    .295120E-01    .191348E+00   -.208796E+00
    .297170E-01    .192057E+00   -.209464E+00
    .299230E-01    .192766E+00   -.210134E+00
    .301300E-01    .193475E+00   -.210804E+00
    .303390E-01    .194186E+00   -.211473E+00
    .305490E-01    .194897E+00   -.212141E+00
    .307610E-01    .195609E+00   -.212808E+00
    .309740E-01    .196322E+00   -.213475E+00
    .311890E-01    .197033E+00   -.214141E+00
    .314050E-01    .197747E+00   -.214806E+00
    .316230E-01    .198463E+00   -.215471E+00
    .318420E-01    .199177E+00   -.216135E+00
    .320630E-01    .199894E+00   -.216797E+00
    .322850E-01    .200610E+00   -.217462E+00
    .325090E-01    .201328E+00   -.218124E+00
    .327340E-01    .202045E+00   -.218784E+00
    .329610E-01    .202764E+00   -.219444E+00
    .331890E-01    .203481E+00   -.220105E+00
    .334200E-01    .204203E+00   -.220764E+00
    .336510E-01    .204924E+00   -.221423E+00
    .338840E-01    .205644E+00   -.222079E+00
    .341190E-01    .206365E+00   -.222735E+00
    .343560E-01    .207088E+00   -.223392E+00
    .345940E-01    .207812E+00   -.224046E+00
    .348340E-01    .208535E+00   -.224702E+00
    .350750E-01    .209259E+00   -.225354E+00
    .353180E-01    .209985E+00   -.226007E+00
    .355630E-01    .210711E+00   -.226657E+00
    .358100E-01    .211436E+00   -.227307E+00
    .360580E-01    .212165E+00   -.227957E+00
    .363080E-01    .212893E+00   -.228604E+00
    .365590E-01    .213621E+00   -.229253E+00
    .368130E-01    .214351E+00   -.229899E+00
    .370680E-01    .215081E+00   -.230543E+00
    .373250E-01    .215812E+00   -.231187E+00
    .375840E-01    .216542E+00   -.231831E+00
    .378440E-01    .217275E+00   -.232473E+00
    .381070E-01    .218008E+00   -.233113E+00
    .383710E-01    .218742E+00   -.233752E+00
    .386370E-01    .219475E+00   -.234391E+00
    .389050E-01    .220210E+00   -.235029E+00
    .391740E-01    .220946E+00   -.235663E+00
    .394460E-01    .221683E+00   -.236298E+00
    .397190E-01    .222420E+00   -.236933E+00
    .399940E-01    .223158E+00   -.237564E+00
    .402720E-01    .223896E+00   -.238196E+00
    .405510E-01    .224636E+00   -.238825E+00
    .408320E-01    .225375E+00   -.239452E+00
    .411150E-01    .226116E+00   -.240079E+00
    .414000E-01    .226857E+00   -.240705E+00
    .416870E-01    .227601E+00   -.241330E+00
    .419760E-01    .228343E+00   -.241954E+00
    .422670E-01    .229087E+00   -.242575E+00
    .425600E-01    .229833E+00   -.243196E+00
    .428550E-01    .230577E+00   -.243815E+00
    .431520E-01    .231323E+00   -.244432E+00
    .434510E-01    .232071E+00   -.245049E+00
    .437520E-01    .232818E+00   -.245661E+00
    .440550E-01    .233567E+00   -.246276E+00
    .443610E-01    .234315E+00   -.246887E+00
    .446680E-01    .235065E+00   -.247497E+00
    .449780E-01    .235816E+00   -.248106E+00
    .452900E-01    .236567E+00   -.248712E+00
    .456040E-01    .237320E+00   -.249319E+00
    .459200E-01    .238072E+00   -.249923E+00
    .462380E-01    .238826E+00   -.250525E+00
    .465590E-01    .239582E+00   -.251125E+00
    .468810E-01    .240337E+00   -.251723E+00
    .472060E-01    .241093E+00   -.252320E+00
    .475340E-01    .241851E+00   -.252917E+00
    .478630E-01    .242608E+00   -.253511E+00
    .481950E-01    .243366E+00   -.254103E+00
    .485290E-01    .244126E+00   -.254695E+00
    .488650E-01    .244885E+00   -.255283E+00
    .492040E-01    .245647E+00   -.255870E+00
    .495450E-01    .246408E+00   -.256457E+00
    .498880E-01    .247170E+00   -.257040E+00
    .502340E-01    .247933E+00   -.257623E+00
    .505820E-01    .248697E+00   -.258204E+00
    .509330E-01    .249462E+00   -.258783E+00
    .512860E-01    .250228E+00   -.259359E+00
    .516420E-01    .250994E+00   -.259933E+00
    .520000E-01    .251762E+00   -.260507E+00
    .523600E-01    .252531E+00   -.261078E+00
    .527230E-01    .253300E+00   -.261648E+00
    .530880E-01    .254069E+00   -.262215E+00
    .534560E-01    .254839E+00   -.262782E+00
    .538270E-01    .255611E+00   -.263345E+00
    .542000E-01    .256383E+00   -.263908E+00
    .545760E-01    .257156E+00   -.264467E+00
    .549540E-01    .257929E+00   -.265024E+00
    .553350E-01    .258704E+00   -.265581E+00
    .557190E-01    .259480E+00   -.266136E+00
    .561050E-01    .260255E+00   -.266686E+00
    .564940E-01    .261033E+00   -.267236E+00
    .568850E-01    .261810E+00   -.267786E+00
    .572800E-01    .262588E+00   -.268332E+00
    .576770E-01    .263368E+00   -.268876E+00
    .580760E-01    .264147E+00   -.269417E+00
    .584790E-01    .264928E+00   -.269958E+00
    .588840E-01    .265711E+00   -.270496E+00
    .592930E-01    .266493E+00   -.271031E+00
    .597040E-01    .267275E+00   -.271563E+00
    .601170E-01    .268059E+00   -.272095E+00
    .605340E-01    .268844E+00   -.272625E+00
    .609540E-01    .269630E+00   -.273149E+00
    .613760E-01    .270417E+00   -.273676E+00
    .618020E-01    .271204E+00   -.274197E+00
    .622300E-01    .271992E+00   -.274716E+00
    .626610E-01    .272780E+00   -.275233E+00
    .630960E-01    .273571E+00   -.275749E+00
    .635330E-01    .274361E+00   -.276260E+00
    .639730E-01    .275153E+00   -.276771E+00
    .644170E-01    .275945E+00   -.277278E+00
    .648630E-01    .276738E+00   -.277784E+00
    .653130E-01    .277532E+00   -.278286E+00
    .657660E-01    .278327E+00   -.278785E+00
    .662220E-01    .279123E+00   -.279284E+00
    .666810E-01    .279920E+00   -.279778E+00
    .671430E-01    .280717E+00   -.280268E+00
    .676080E-01    .281517E+00   -.280758E+00
    .680770E-01    .282315E+00   -.281245E+00
    .685490E-01    .283116E+00   -.281728E+00
    .690240E-01    .283916E+00   -.282209E+00
    .695020E-01    .284718E+00   -.282687E+00
    .699840E-01    .285522E+00   -.283161E+00
    .704690E-01    .286325E+00   -.283632E+00
    .709580E-01    .287130E+00   -.284102E+00
    .714500E-01    .287935E+00   -.284569E+00
    .719450E-01    .288742E+00   -.285032E+00
    .724440E-01    .289550E+00   -.285491E+00
    .729460E-01    .290358E+00   -.285948E+00
    .734510E-01    .291168E+00   -.286402E+00
    .739610E-01    .291978E+00   -.286851E+00
    .744730E-01    .292790E+00   -.287297E+00
    .749890E-01    .293601E+00   -.287741E+00
    .755090E-01    .294415E+00   -.288181E+00
    .760330E-01    .295229E+00   -.288618E+00
    .765600E-01    .296044E+00   -.289052E+00
    .770900E-01    .296861E+00   -.289481E+00
    .776250E-01    .297678E+00   -.289907E+00
    .781630E-01    .298496E+00   -.290330E+00
    .787050E-01    .299316E+00   -.290748E+00
    .792500E-01    .300135E+00   -.291163E+00
    .797990E-01    .300958E+00   -.291574E+00
    .803530E-01    .301778E+00   -.291984E+00
    .809100E-01    .302602E+00   -.292388E+00
    .814700E-01    .303427E+00   -.292788E+00
    .820350E-01    .304251E+00   -.293184E+00
    .826040E-01    .305077E+00   -.293577E+00
    .831760E-01    .305903E+00   -.293966E+00
    .837530E-01    .306731E+00   -.294349E+00
    .843330E-01    .307560E+00   -.294731E+00
    .849180E-01    .308388E+00   -.295108E+00
    .855070E-01    .309218E+00   -.295481E+00
    .860990E-01    .310050E+00   -.295851E+00
    .866960E-01    .310881E+00   -.296215E+00
    .872970E-01    .311713E+00   -.296577E+00
    .879020E-01    .312545E+00   -.296933E+00
    .885120E-01    .313380E+00   -.297286E+00
    .891250E-01    .314214E+00   -.297634E+00
    .897430E-01    .315049E+00   -.297979E+00
    .903650E-01    .315884E+00   -.298319E+00
    .909910E-01    .316721E+00   -.298654E+00
    .916220E-01    .317556E+00   -.298987E+00
    .922570E-01    .318394E+00   -.299315E+00
    .928970E-01    .319232E+00   -.299639E+00
    .935410E-01    .320069E+00   -.299958E+00
    .941890E-01    .320908E+00   -.300274E+00
    .948420E-01    .321747E+00   -.300584E+00
    .954990E-01    .322587E+00   -.300892E+00
    .961610E-01    .323426E+00   -.301195E+00
    .968280E-01    .324267E+00   -.301494E+00
    .974990E-01    .325107E+00   -.301788E+00
    .981750E-01    .325947E+00   -.302078E+00
    .988550E-01    .326787E+00   -.302364E+00
    .995410E-01    .327630E+00   -.302645E+00
    .100231E+00    .328470E+00   -.302924E+00
    .100925E+00    .329313E+00   -.303197E+00
    .101625E+00    .330153E+00   -.303465E+00
    .102329E+00    .330996E+00   -.303729E+00
    .103039E+00    .331839E+00   -.303988E+00
    .103753E+00    .332680E+00   -.304243E+00
    .104472E+00    .333522E+00   -.304493E+00
    .105196E+00    .334365E+00   -.304738E+00
    .105925E+00    .335208E+00   -.304980E+00
    .106660E+00    .336050E+00   -.305217E+00
    .107399E+00    .336893E+00   -.305447E+00
    .108143E+00    .337736E+00   -.305674E+00
    .108893E+00    .338579E+00   -.305896E+00
    .109648E+00    .339424E+00   -.306112E+00
    .110408E+00    .340267E+00   -.306324E+00
    .111173E+00    .341110E+00   -.306530E+00
    .111944E+00    .341955E+00   -.306730E+00
    .112720E+00    .342798E+00   -.306926E+00
    .113501E+00    .343643E+00   -.307117E+00
    .114288E+00    .344486E+00   -.307301E+00
    .115080E+00    .345332E+00   -.307481E+00
    .115878E+00    .346176E+00   -.307655E+00
    .116681E+00    .347021E+00   -.307824E+00
    .117490E+00    .347866E+00   -.307985E+00
    .118304E+00    .348712E+00   -.308143E+00
    .119124E+00    .349559E+00   -.308295E+00
    .119950E+00    .350404E+00   -.308441E+00
    .120781E+00    .351251E+00   -.308579E+00
    .121619E+00    .352097E+00   -.308714E+00
    .122462E+00    .352944E+00   -.308842E+00
    .123310E+00    .353792E+00   -.308966E+00
    .124165E+00    .354638E+00   -.309081E+00
    .125026E+00    .355486E+00   -.309193E+00
    .125893E+00    .356333E+00   -.309297E+00
    .126765E+00    .357180E+00   -.309396E+00
    .127644E+00    .358027E+00   -.309491E+00
    .128529E+00    .358874E+00   -.309579E+00
    .129420E+00    .359721E+00   -.309662E+00
    .130317E+00    .360569E+00   -.309738E+00
    .131220E+00    .361415E+00   -.309809E+00
    .132130E+00    .362261E+00   -.309875E+00
    .133045E+00    .363107E+00   -.309933E+00
    .133968E+00    .363954E+00   -.309988E+00
    .134896E+00    .364799E+00   -.310036E+00
    .135831E+00    .365643E+00   -.310079E+00
    .136773E+00    .366489E+00   -.310118E+00
    .137721E+00    .367332E+00   -.310149E+00
    .138676E+00    .368175E+00   -.310178E+00
    .139637E+00    .369018E+00   -.310199E+00
    .140605E+00    .369860E+00   -.310216E+00
    .141579E+00    .370702E+00   -.310228E+00
    .142561E+00    .371543E+00   -.310232E+00
    .143549E+00    .372382E+00   -.310233E+00
    .144544E+00    .373223E+00   -.310230E+00
    .145546E+00    .374062E+00   -.310219E+00
    .146555E+00    .374901E+00   -.310204E+00
    .147571E+00    .375740E+00   -.310185E+00
    .148594E+00    .376577E+00   -.310159E+00
    .149624E+00    .377415E+00   -.310130E+00
    .150661E+00    .378252E+00   -.310092E+00
    .151705E+00    .379089E+00   -.310051E+00
    .152757E+00    .379926E+00   -.310004E+00
    .153815E+00    .380763E+00   -.309951E+00
    .154882E+00    .381600E+00   -.309894E+00
    .155955E+00    .382436E+00   -.309830E+00
    .157036E+00    .383272E+00   -.309761E+00
    .158125E+00    .384109E+00   -.309686E+00
    .159221E+00    .384945E+00   -.309605E+00
    .160325E+00    .385783E+00   -.309519E+00
    .161436E+00    .386620E+00   -.309426E+00
    .162555E+00    .387457E+00   -.309330E+00
    .163682E+00    .388294E+00   -.309225E+00
    .164816E+00    .389132E+00   -.309116E+00
    .165959E+00    .389970E+00   -.309004E+00
    .167109E+00    .390810E+00   -.308884E+00
    .168267E+00    .391649E+00   -.308759E+00
    .169434E+00    .392488E+00   -.308628E+00
    .170608E+00    .393327E+00   -.308493E+00
    .171791E+00    .394167E+00   -.308353E+00
    .172982E+00    .395007E+00   -.308209E+00
    .174181E+00    .395847E+00   -.308059E+00
    .175388E+00    .396688E+00   -.307904E+00
    .176604E+00    .397528E+00   -.307746E+00
    .177828E+00    .398367E+00   -.307584E+00
    .179061E+00    .399208E+00   -.307417E+00
    .180302E+00    .400048E+00   -.307247E+00
    .181552E+00    .400887E+00   -.307072E+00
    .182810E+00    .401727E+00   -.306892E+00
    .184077E+00    .402567E+00   -.306712E+00
    .185353E+00    .403406E+00   -.306526E+00
    .186638E+00    .404246E+00   -.306337E+00
    .187932E+00    .405087E+00   -.306146E+00
    .189234E+00    .405928E+00   -.305951E+00
    .190546E+00    .406769E+00   -.305751E+00
    .191867E+00    .407610E+00   -.305549E+00
    .193197E+00    .408452E+00   -.305344E+00
    .194536E+00    .409296E+00   -.305135E+00
    .195884E+00    .410140E+00   -.304922E+00
    .197242E+00    .410985E+00   -.304707E+00
    .198609E+00    .411831E+00   -.304488E+00
    .199986E+00    .412680E+00   -.304267E+00
    .201372E+00    .413529E+00   -.304041E+00
    .202768E+00    .414381E+00   -.303811E+00
    .204174E+00    .415235E+00   -.303578E+00
    .205589E+00    .416089E+00   -.303344E+00
    .207014E+00    .416947E+00   -.303105E+00
    .208449E+00    .417807E+00   -.302864E+00
    .209894E+00    .418667E+00   -.302620E+00
    .211349E+00    .419532E+00   -.302372E+00
    .212814E+00    .420397E+00   -.302124E+00
    .214289E+00    .421264E+00   -.301874E+00
    .215774E+00    .422134E+00   -.301622E+00
    .217270E+00    .423004E+00   -.301368E+00
    .218776E+00    .423878E+00   -.301112E+00
    .220293E+00    .424753E+00   -.300855E+00
    .221820E+00    .425630E+00   -.300599E+00
    .223357E+00    .426509E+00   -.300341E+00
    .224905E+00    .427389E+00   -.300084E+00
    .226464E+00    .428270E+00   -.299826E+00
    .228034E+00    .429154E+00   -.299568E+00
    .229615E+00    .430039E+00   -.299309E+00
    .231206E+00    .430925E+00   -.299054E+00
    .232809E+00    .431815E+00   -.298796E+00
    .234423E+00    .432706E+00   -.298540E+00
    .236048E+00    .433600E+00   -.298282E+00
    .237684E+00    .434497E+00   -.298026E+00
    .239332E+00    .435397E+00   -.297770E+00
    .240991E+00    .436301E+00   -.297514E+00
    .242661E+00    .437210E+00   -.297258E+00
    .244343E+00    .438123E+00   -.297002E+00
    .246037E+00    .439039E+00   -.296745E+00
    .247742E+00    .439960E+00   -.296491E+00
    .249459E+00    .440886E+00   -.296237E+00
    .251189E+00    .441815E+00   -.295983E+00
    .252930E+00    .442749E+00   -.295732E+00
    .254683E+00    .443687E+00   -.295481E+00
    .256448E+00    .444628E+00   -.295231E+00
    .258226E+00    .445573E+00   -.294984E+00
    .260016E+00    .446521E+00   -.294740E+00
    .261818E+00    .447472E+00   -.294498E+00
    .263633E+00    .448427E+00   -.294259E+00
    .265461E+00    .449385E+00   -.294024E+00
    .267301E+00    .450346E+00   -.293794E+00
    .269153E+00    .451310E+00   -.293566E+00
    .271019E+00    .452278E+00   -.293344E+00
    .272898E+00    .453250E+00   -.293125E+00
    .274789E+00    .454225E+00   -.292911E+00
    .276694E+00    .455205E+00   -.292702E+00
    .278612E+00    .456190E+00   -.292495E+00
    .280543E+00    .457178E+00   -.292295E+00
    .282488E+00    .458172E+00   -.292096E+00
    .284446E+00    .459170E+00   -.291902E+00
    .286418E+00    .460173E+00   -.291713E+00
    .288403E+00    .461181E+00   -.291527E+00
    .290402E+00    .462194E+00   -.291345E+00
    .292415E+00    .463214E+00   -.291165E+00
    .294442E+00    .464239E+00   -.290992E+00
    .296483E+00    .465269E+00   -.290821E+00
    .298538E+00    .466303E+00   -.290659E+00
    .300608E+00    .467341E+00   -.290501E+00
    .302691E+00    .468383E+00   -.290352E+00
    .304789E+00    .469431E+00   -.290207E+00
    .306902E+00    .470480E+00   -.290070E+00
    .309030E+00    .471532E+00   -.289943E+00
    .311172E+00    .472587E+00   -.289824E+00
    .313329E+00    .473645E+00   -.289712E+00
    .315500E+00    .474707E+00   -.289608E+00
    .317687E+00    .475769E+00   -.289514E+00
    .319890E+00    .476837E+00   -.289426E+00
    .322107E+00    .477907E+00   -.289345E+00
    .324340E+00    .478982E+00   -.289274E+00
    .326588E+00    .480062E+00   -.289207E+00
    .328852E+00    .481145E+00   -.289148E+00
    .331131E+00    .482233E+00   -.289096E+00
    .333426E+00    .483325E+00   -.289051E+00
    .335738E+00    .484420E+00   -.289014E+00
    .338065E+00    .485519E+00   -.288984E+00
    .340408E+00    .486620E+00   -.288962E+00
    .342768E+00    .487724E+00   -.288949E+00
    .345144E+00    .488830E+00   -.288948E+00
    .347536E+00    .489936E+00   -.288956E+00
    .349945E+00    .491043E+00   -.288975E+00
    .352371E+00    .492149E+00   -.289007E+00
    .354813E+00    .493256E+00   -.289052E+00
    .357273E+00    .494362E+00   -.289105E+00
    .359749E+00    .495466E+00   -.289173E+00
    .362243E+00    .496571E+00   -.289249E+00
    .364754E+00    .497674E+00   -.289338E+00
    .367282E+00    .498780E+00   -.289436E+00
    .369828E+00    .499886E+00   -.289543E+00
    .372392E+00    .500992E+00   -.289659E+00
    .374973E+00    .502100E+00   -.289785E+00
    .377572E+00    .503208E+00   -.289918E+00
    .380189E+00    .504315E+00   -.290064E+00
    .382825E+00    .505421E+00   -.290217E+00
    .385478E+00    .506525E+00   -.290386E+00
    .388150E+00    .507624E+00   -.290566E+00
    .390841E+00    .508720E+00   -.290761E+00
    .393550E+00    .509811E+00   -.290970E+00
    .396278E+00    .510897E+00   -.291197E+00
    .399025E+00    .511977E+00   -.291436E+00
    .401791E+00    .513053E+00   -.291690E+00
    .404576E+00    .514125E+00   -.291959E+00
    .407380E+00    .515192E+00   -.292239E+00
    .410204E+00    .516257E+00   -.292534E+00
    .413048E+00    .517318E+00   -.292837E+00
    .415911E+00    .518375E+00   -.293149E+00
    .418794E+00    .519428E+00   -.293472E+00
    .421697E+00    .520478E+00   -.293807E+00
    .424620E+00    .521523E+00   -.294153E+00
    .427563E+00    .522562E+00   -.294515E+00
    .430527E+00    .523597E+00   -.294893E+00
    .433511E+00    .524622E+00   -.295288E+00
    .436516E+00    .525640E+00   -.295699E+00
    .439542E+00    .526646E+00   -.296127E+00
    .442588E+00    .527643E+00   -.296575E+00
    .445656E+00    .528633E+00   -.297041E+00
    .448745E+00    .529617E+00   -.297517E+00
    .451856E+00    .530598E+00   -.298006E+00
    .454988E+00    .531576E+00   -.298509E+00
    .458142E+00    .532550E+00   -.299025E+00
    .461318E+00    .533527E+00   -.299553E+00
    .464515E+00    .534499E+00   -.300092E+00
    .467735E+00    .535467E+00   -.300647E+00
    .470977E+00    .536427E+00   -.301215E+00
    .474242E+00    .537382E+00   -.301807E+00
    .477529E+00    .538329E+00   -.302415E+00
    .480839E+00    .539269E+00   -.303044E+00
    .484172E+00    .540201E+00   -.303694E+00
    .487528E+00    .541132E+00   -.304366E+00
    .490908E+00    .542062E+00   -.305050E+00
    .494311E+00    .542992E+00   -.305752E+00
    .497737E+00    .543929E+00   -.306462E+00
    .501187E+00    .544878E+00   -.307185E+00
    .504661E+00    .545832E+00   -.307915E+00
    .508159E+00    .546797E+00   -.308663E+00
    .511682E+00    .547762E+00   -.309427E+00
    .515229E+00    .548731E+00   -.310216E+00
    .518800E+00    .549705E+00   -.311031E+00
    .522396E+00    .550678E+00   -.311869E+00
    .526017E+00    .551659E+00   -.312732E+00
    .529663E+00    .552647E+00   -.313621E+00
    .533335E+00    .553648E+00   -.314528E+00
    .537032E+00    .554665E+00   -.315456E+00
    .540754E+00    .555708E+00   -.316404E+00
    .544503E+00    .556774E+00   -.317360E+00
    .548277E+00    .557865E+00   -.318332E+00
    .552077E+00    .558982E+00   -.319326E+00
    .555904E+00    .560125E+00   -.320351E+00
    .559758E+00    .561288E+00   -.321408E+00
    .563638E+00    .562465E+00   -.322507E+00
    .567545E+00    .563672E+00   -.323628E+00
    .571479E+00    .564901E+00   -.324793E+00
    .575440E+00    .566170E+00   -.325982E+00
    .579429E+00    .567487E+00   -.327198E+00
    .583445E+00    .568852E+00   -.328428E+00
    .587489E+00    .570272E+00   -.329686E+00
    .591562E+00    .571750E+00   -.330963E+00
    .595662E+00    .573284E+00   -.332286E+00
    .599791E+00    .574863E+00   -.333669E+00
    .603949E+00    .576498E+00   -.335111E+00
    .608135E+00    .578188E+00   -.336611E+00
    .612350E+00    .579932E+00   -.338143E+00
    .616595E+00    .581739E+00   -.339701E+00
    .620869E+00    .583609E+00   -.341301E+00
    .625173E+00    .585540E+00   -.342936E+00
    .629506E+00    .587539E+00   -.344616E+00
    .633870E+00    .589601E+00   -.346335E+00
    .638263E+00    .591730E+00   -.348095E+00
    .642688E+00    .593928E+00   -.349897E+00
    .647143E+00    .596195E+00   -.351735E+00
    .651628E+00    .598529E+00   -.353627E+00
    .656145E+00    .600917E+00   -.355558E+00
    .660693E+00    .603382E+00   -.357537E+00
    .665273E+00    .605908E+00   -.359552E+00
    .669885E+00    .608490E+00   -.361614E+00
    .674528E+00    .611133E+00   -.363724E+00
    .679204E+00    .613827E+00   -.365863E+00
    .683912E+00    .616575E+00   -.368045E+00
    .688652E+00    .619378E+00   -.370272E+00
    .693426E+00    .622214E+00   -.372547E+00
    .698232E+00    .625088E+00   -.374851E+00
    .703072E+00    .628000E+00   -.377205E+00
    .707946E+00    .630922E+00   -.379608E+00
    .712853E+00    .633862E+00   -.382015E+00
    .717794E+00    .636805E+00   -.384460E+00
    .722770E+00    .639733E+00   -.386922E+00
    .727780E+00    .642632E+00   -.389394E+00
    .732825E+00    .645508E+00   -.391896E+00
    .737904E+00    .648331E+00   -.394399E+00
    .743019E+00    .651095E+00   -.396920E+00
    .748170E+00    .653783E+00   -.399418E+00
    .753356E+00    .656381E+00   -.401919E+00
    .758578E+00    .658852E+00   -.404386E+00
    .763836E+00    .661167E+00   -.406835E+00
    .769130E+00    .663338E+00   -.409209E+00
    .774462E+00    .665299E+00   -.411519E+00
    .779830E+00    .667022E+00   -.413726E+00
    .785236E+00    .668510E+00   -.415845E+00
    .790679E+00    .669691E+00   -.417806E+00
    .796159E+00    .670527E+00   -.419562E+00
    .801678E+00    .670871E+00   -.421021E+00
    .807235E+00    .670713E+00   -.422086E+00
    .812831E+00    .670220E+00   -.423040E+00
    .818465E+00    .669411E+00   -.423901E+00
    .824138E+00    .668154E+00   -.424523E+00
    .829851E+00    .666496E+00   -.424963E+00
    .835603E+00    .664384E+00   -.425240E+00
    .841395E+00    .661826E+00   -.425347E+00
    .847227E+00    .658776E+00   -.425215E+00
    .853100E+00    .655260E+00   -.424865E+00
    .859014E+00    .651150E+00   -.424317E+00
    .864968E+00    .646575E+00   -.423448E+00
    .870964E+00    .641388E+00   -.422318E+00
    .877001E+00    .635652E+00   -.420821E+00
    .883080E+00    .629249E+00   -.419140E+00
    .889201E+00    .622292E+00   -.417184E+00
    .895365E+00    .614765E+00   -.414888E+00
    .901571E+00    .606563E+00   -.412189E+00
    .907821E+00    .597758E+00   -.409227E+00
    .914113E+00    .588260E+00   -.405988E+00
    .920450E+00    .578056E+00   -.402194E+00
    .926830E+00    .567195E+00   -.397830E+00
    .933254E+00    .555410E+00   -.393101E+00
    .939723E+00    .543119E+00   -.387982E+00
    .946237E+00    .530081E+00   -.382286E+00
    .952796E+00    .516110E+00   -.375847E+00
    .959401E+00    .501334E+00   -.368805E+00
    .966051E+00    .485861E+00   -.361220E+00
    .972747E+00    .468935E+00   -.353191E+00
    .979490E+00    .452297E+00   -.343115E+00
    .986279E+00    .433708E+00   -.331897E+00
    .993116E+00    .417219E+00   -.316456E+00
